100 3000
1 84 95
1 42 89
1 64 73
1 94 96
1 80 95
1 10 47
1 75 90
1 56 72
1 22 40
1 19 23
1 7 13
1 13 51
1 91 98
1 63 77
1 44 90
1 88 92
1 86 97
1 44 83
1 56 64
1 24 85
1 34 88
1 6 75
1 57 78
1 94 95
1 69 77
1 23 87
1 15 91
1 49 65
1 50 92
1 2 66
1 89 94
1 43 56
1 81 100
1 55 65
1 81 99
1 81 91
1 46 54
1 16 79
1 36 90
1 93 96
1 47 92
1 77 90
1 95 99
1 39 93
1 90 94
1 46 60
1 88 93
1 3 74
1 26 42
1 66 87
1 25 50
1 31 95
1 54 79
1 78 86
1 69 97
1 3 67
1 96 100
1 89 90
2
2
2
2
2
1 31 97
1 30 32
1 94 95
1 8 36
1 15 37
1 62 74
1 46 82
1 69 72
1 44 74
1 24 99
1 38 60
1 64 85
2
1 5 35
1 19 35
1 78 100
1 73 84
1 95 98
2
2
2
2
2
2
2
2
2
1 23 49
1 84 87
1 42 58
1 97 99
1 46 97
1 90 94
1 18 28
1 68 98
1 98 100
1 30 36
1 68 79
2
2
2
2
2
2
2
2
2
2
2
2
2
2
1 87 88
1 99 100
2
2
2
2
2
2
2
2
2
2
2
2
2
1 89 99
1 47 85
1 44 50
1 13 87
1 10 90
1 37 71
1 85 99
2
2
2
2
2
2
2
2
2
2
2
2
2
2
2
1 77 89
1 13 77
1 69 87
1 13 64
1 68 96
1 76 92
1 43 57
1 13 60
1 21 98
1 67 82
1 99 100
2
2
2
2
2
2
2
2
2
2
2
2
2
2
2
1 62 75
1 13 89
1 66 86
1 96 97
1 42 94
2
1 22 52
1 22 48
1 38 62
1 51 56
1 36 55
1 10 37
1 3 5
1 7 28
1 91 94
1 52 54
1 45 100
1 6 50
1 97 99
1 55 83
1 63 90
1 78 81
1 55 98
1 14 49
1 21 22
1 53 89
1 26 41
1 62 68
1 88 92
1 77 85
1 34 85
1 96 98
1 24 61
1 22 29
1 62 65
2
2
2
2
2
2
2
2
2
2
2
2
2
2
2
2
2
2
2
1 87 89
1 15 70
1 35 50
1 98 100
1 98 99
1 37 44
1 98 100
1 89 91
2
2
1 48 59
1 61 75
1 47 87
1 73 79
1 80 93
1 83 84
1 89 95
2
2
2
2
2
2
2
2
2
1 92 97
1 41 93
1 42 100
1 26 50
1 25 49
1 71 96
1 79 96
1 81 89
1 18 75
1 69 93
1 66 82
1 1 62
1 9 41
1 4 87
1 54 73
1 50 70
1 68 71
1 28 95
1 92 93
1 69 88
1 70 85
1 91 98
1 65 76
1 57 74
1 31 94
1 54 55
1 49 76
2
2
2
2
2
2
2
2
2
2
2
2
2
2
2
2
2
2
1 98 99
1 39 87
1 5 46
1 84 91
1 73 80
2
2
2
2
2
2
2
2
2
2
2
2
2
2
2
2
2
2
2
2
1 1 28
1 99 100
1 68 84
1 22 33
1 72 79
1 10 30
1 39 89
1 60 99
1 94 96
1 31 80
1 23 84
1 22 54
1 28 34
1 76 91
1 54 95
1 49 76
1 65 76
2
2
2
2
1 53 92
1 46 97
1 8 77
1 84 97
2
2
2
2
2
2
2
2
2
2
2
2
2
2
2
1 53 54
1 32 75
1 36 56
1 42 43
1 63 82
1 71 76
1 96 100
1 9 75
1 1 84
1 90 93
1 97 99
1 69 72
1 11 77
1 78 85
1 70 100
1 49 70
1 86 93
1 78 83
1 24 79
1 55 71
1 37 64
1 62 69
1 4 96
1 49 66
2
2
2
2
2
2
2
2
2
2
2
1 74 91
1 98 100
1 35 66
1 79 98
1 30 54
1 35 57
1 68 80
1 69 100
2
2
2
2
1 68 96
1 27 79
1 35 91
1 76 80
1 82 85
1 51 60
1 79 85
2
2
2
2
1 25 93
1 37 82
1 6 65
1 21 60
1 51 67
1 23 35
1 90 100
2
2
2
2
1 50 61
1 27 100
1 79 100
2
2
2
2
2
2
2
2
2
2
2
2
2
2
2
2
2
2
1 67 80
1 17 69
1 18 41
1 29 83
1 13 42
2
2
2
2
2
2
2
2
2
2
2
1 12 96
1 20 74
1 13 91
1 15 97
2
2
2
2
2
2
1 89 92
1 33 52
1 25 90
1 55 78
1 25 87
1 43 46
1 87 98
1 29 47
1 98 99
1 78 85
1 91 100
1 15 38
2
2
2
2
2
2
2
2
2
2
1 89 91
1 88 90
1 41 96
1 75 85
1 57 63
1 3 71
1 93 97
1 61 100
1 95 97
1 6 60
1 30 76
1 6 39
1 41 73
2
2
2
2
2
2
2
2
2
2
2
2
2
2
2
2
2
2
2
1 60 90
1 12 62
1 90 100
1 79 85
1 94 98
1 90 99
1 20 71
1 2 3
1 18 73
1 44 92
1 86 96
2
1 53 87
1 79 97
1 31 99
1 42 84
2
2
2
2
2
2
2
2
2
2
2
1 7 37
1 58 60
1 79 81
1 19 96
1 7 83
1 77 95
1 79 96
2
2
2
2
1 90 99
1 99 100
2
2
2
2
2
2
2
2
2
2
2
2
2
2
2
1 47 76
1 54 96
1 87 96
1 7 96
2
2
2
2
2
2
1 71 90
1 95 97
1 84 90
1 64 87
1 22 56
1 2 39
1 7 63
1 99 100
1 4 73
1 26 61
1 87 91
1 67 74
1 83 95
2
2
2
2
2
1 31 72
1 26 97
1 91 93
1 73 87
2
2
2
2
2
2
2
2
2
2
2
1 39 56
1 85 89
1 33 39
1 84 97
1 62 80
1 6 59
1 77 91
1 83 96
2
2
2
2
2
2
2
1 91 94
1 80 95
1 53 60
1 70 93
1 73 74
1 9 34
1 4 9
1 64 93
1 61 68
1 94 95
1 21 56
1 9 100
1 5 10
1 71 96
1 6 71
1 62 63
1 13 57
1 87 94
1 29 91
1 78 92
1 93 99
1 30 93
1 9 99
1 20 69
1 83 92
1 74 99
2
2
2
2
2
2
2
2
2
2
2
2
2
2
2
1 86 97
1 36 41
1 40 55
1 24 70
1 56 68
1 57 94
1 97 98
1 75 79
1 65 74
1 10 73
1 22 42
1 20 81
1 44 70
1 33 45
1 70 86
1 60 85
1 64 90
2
2
2
2
2
2
2
2
2
2
2
2
2
1 39 79
1 24 84
1 12 51
1 58 82
1 44 50
1 48 63
1 88 98
1 76 97
1 86 96
1 70 83
1 72 93
1 61 92
1 81 85
1 74 78
1 50 71
1 27 45
1 76 82
1 38 43
1 51 88
1 84 91
1 78 83
2
2
2
2
2
2
2
2
1 28 97
1 7 94
1 80 86
2
2
2
2
2
2
2
2
1 58 83
1 29 32
1 49 88
1 54 100
1 82 83
2
2
2
2
2
2
2
2
2
2
1 18 99
1 45 60
1 87 94
1 34 52
1 51 93
1 46 92
1 84 98
2
2
2
2
2
2
2
1 79 100
1 99 100
1 14 74
1 83 91
1 96 97
1 19 45
1 89 92
1 59 72
1 97 98
2
2
2
2
2
2
2
2
2
2
2
2
2
2
2
1 87 89
1 68 77
1 4 44
1 65 80
1 9 89
1 53 90
1 56 96
1 42 80
2
2
2
2
2
2
2
2
2
2
2
2
2
2
1 9 34
1 17 49
1 98 99
1 5 49
1 51 91
1 79 87
1 80 87
1 40 65
1 72 89
1 90 93
1 30 96
1 60 66
1 6 44
1 89 97
1 2 35
1 7 37
1 58 95
1 96 98
1 75 95
1 7 94
2
2
2
2
2
1 73 82
1 3 69
1 10 65
1 38 45
1 13 32
1 94 98
2
2
2
2
2
2
2
2
2
2
2
2
2
2
2
2
2
2
2
2
1 74 97
1 63 97
1 15 70
1 37 74
1 16 63
1 97 100
1 99 100
1 50 52
1 62 73
1 11 36
1 7 85
1 15 32
1 79 86
1 94 98
2
2
2
2
2
2
2
2
2
2
2
1 99 100
1 99 100
1 52 82
1 13 47
1 34 78
1 42 98
2
2
2
2
2
2
2
2
2
2
2
1 69 100
1 73 81
1 26 45
1 55 85
1 88 98
1 3 13
1 82 93
1 75 96
1 38 84
1 86 99
1 85 86
1 40 89
1 27 87
1 41 96
1 75 76
1 3 50
1 29 36
1 20 35
1 72 97
1 4 33
1 32 68
1 23 29
1 5 85
1 94 99
1 61 92
1 36 79
1 95 98
1 69 96
1 89 96
2
2
2
2
2
2
2
2
2
2
2
2
2
2
2
2
1 70 93
1 4 85
1 49 67
1 97 98
1 20 42
1 72 84
1 32 56
1 46 53
1 31 94
1 71 100
2
2
2
2
2
2
2
1 99 100
1 75 78
1 96 97
1 86 90
2
2
1 78 82
1 81 95
1 65 80
2
2
2
2
2
2
2
2
2
2
2
2
2
2
2
2
2
2
2
2
2
1 73 85
1 81 93
1 1 65
1 49 62
1 15 81
1 98 99
1 7 17
1 79 92
1 5 44
1 50 62
1 81 89
2
2
2
2
2
2
2
2
2
2
2
1 64 83
1 51 70
1 8 45
1 20 85
1 41 90
1 67 75
1 48 70
1 23 60
1 92 95
1 25 79
1 89 92
1 73 95
1 37 43
1 99 100
1 52 95
1 55 80
1 14 54
1 71 98
1 93 100
1 10 34
1 35 96
1 33 98
1 19 78
1 80 88
1 94 100
1 89 92
1 54 64
1 88 100
2
2
2
2
2
2
2
2
2
2
2
2
2
2
2
2
2
1 61 69
1 72 89
1 88 98
1 43 62
1 62 70
1 16 100
1 1 48
1 6 14
1 84 98
2
2
2
2
1 76 84
1 95 98
1 68 82
1 19 71
1 49 84
1 72 81
1 58 89
1 44 48
1 13 90
1 12 87
1 30 52
1 78 80
1 68 97
1 2 99
1 37 58
1 18 44
1 83 91
2
2
2
2
2
2
2
2
2
2
2
2
2
2
2
1 11 31
1 50 55
1 55 90
1 99 100
1 19 94
1 57 100
1 84 87
1 56 90
2
2
2
2
2
2
2
2
2
2
2
2
2
2
2
2
2
2
2
2
1 46 48
1 21 56
1 17 43
1 5 76
1 58 80
1 32 89
1 85 91
1 32 50
1 47 73
1 32 77
1 15 62
1 60 65
1 14 59
1 68 82
1 32 94
2
2
2
1 95 97
1 31 73
1 2 53
1 39 79
1 82 86
1 32 47
2
1 17 63
1 67 70
1 64 74
2
2
2
2
2
2
2
2
2
2
2
2
2
2
2
2
2
2
2
2
2
1 14 88
1 87 100
1 10 31
1 88 93
1 12 75
1 7 50
1 21 74
1 96 100
1 75 82
1 9 82
1 47 59
1 9 21
1 91 97
1 45 64
1 54 92
1 53 80
1 89 100
1 20 41
1 80 91
1 59 68
1 84 88
1 82 95
1 60 94
2
1 66 84
1 43 63
1 89 99
1 38 57
1 23 95
1 37 42
1 9 99
1 5 14
1 78 100
1 28 29
1 83 93
2
2
2
2
2
2
2
2
2
2
2
2
2
1 51 61
1 87 96
2
2
2
2
2
2
2
1 36 69
1 74 81
1 54 92
1 44 93
1 15 19
1 31 90
1 40 99
1 63 65
1 96 97
1 78 87
1 21 56
2
2
2
2
2
2
2
2
2
2
2
2
2
1 27 41
1 28 57
1 36 78
1 75 91
1 33 59
1 44 96
1 97 98
2
2
2
2
2
2
2
2
2
2
1 23 86
1 40 57
1 69 80
1 34 45
1 18 86
1 78 93
1 29 60
1 85 99
1 74 89
1 85 94
1 14 88
1 55 61
1 23 77
2
2
2
2
2
2
2
2
2
2
2
2
2
2
2
2
2
2
1 84 88
1 5 56
1 20 68
1 83 100
1 38 84
1 17 63
1 90 99
1 52 91
1 28 98
1 90 100
1 46 61
1 71 83
1 47 93
1 52 65
1 17 35
1 53 59
1 5 39
2
2
2
2
2
2
2
2
2
2
2
2
2
2
2
1 6 8
1 24 76
1 41 52
1 90 92
1 94 99
1 88 91
2
1 17 28
1 4 100
1 7 28
1 45 85
1 72 80
2
2
2
2
2
2
2
2
2
2
2
2
2
2
2
2
2
2
2
2
2
1 10 87
1 78 97
1 96 98
1 25 26
1 95 98
1 85 95
1 29 32
1 47 62
1 69 90
1 4 94
1 75 90
1 52 59
1 58 68
1 34 44
1 91 100
1 7 36
1 85 89
1 88 98
1 19 40
1 74 85
1 39 49
1 91 98
1 78 88
1 2 59
1 55 72
1 77 97
1 90 92
2
2
2
2
2
2
2
2
2
1 86 99
1 35 63
1 82 95
1 62 89
1 80 83
2
2
2
2
2
2
2
2
2
2
2
2
2
2
2
1 45 58
1 69 76
1 81 92
1 89 100
1 7 70
1 79 92
1 83 93
1 58 66
1 44 83
1 20 99
1 74 94
1 66 91
1 34 73
2
2
2
2
2
2
2
2
2
2
2
2
2
2
2
1 63 67
1 33 53
1 1 32
1 48 61
1 65 68
1 32 61
1 41 45
1 38 99
1 28 71
1 51 56
1 57 97
2
2
2
1 53 82
1 90 98
1 88 90
1 57 85
1 27 95
1 52 80
1 66 85
1 79 88
1 98 100
1 92 95
2
2
2
2
2
2
2
2
2
2
2
2
1 10 73
1 96 98
1 3 67
1 99 100
1 89 93
1 24 49
1 93 100
1 19 40
1 64 99
1 15 96
1 27 80
1 28 79
1 10 95
2
2
2
2
2
2
2
2
2
2
2
2
2
2
2
2
2
2
2
2
2
2
2
1 53 82
1 88 96
1 54 88
1 41 76
1 91 97
1 18 23
1 2 76
1 5 96
1 47 89
1 52 75
1 20 63
1 53 67
1 22 84
1 58 59
1 29 96
1 24 61
1 92 95
2
2
2
2
2
2
2
2
2
2
2
2
2
2
2
2
2
2
2
1 25 96
1 86 99
1 72 93
1 79 82
1 66 93
1 93 96
1 76 85
1 99 100
1 9 68
1 93 100
1 93 98
2
2
2
2
2
2
2
2
2
2
2
2
2
2
2
2
2
2
2
1 59 71
1 39 59
1 1 56
1 55 84
1 64 96
1 31 74
1 54 80
1 10 66
1 58 89
1 67 96
1 58 98
1 45 99
1 42 48
1 16 43
1 60 95
1 72 97
1 72 84
2
2
2
1 28 48
1 37 62
1 16 29
1 13 67
1 89 99
1 79 88
1 52 96
1 52 59
1 97 100
1 64 67
2
2
2
2
2
2
2
2
2
2
2
2
2
1 40 44
1 12 100
1 89 97
1 64 73
1 69 91
1 6 47
1 69 80
1 17 86
1 60 93
1 17 62
1 48 49
1 18 54
1 37 98
1 82 88
1 78 90
1 90 96
2
2
2
2
2
2
2
2
2
2
1 61 76
1 80 83
1 85 100
1 57 98
1 11 24
1 32 92
1 48 70
1 76 78
1 79 87
1 81 93
1 95 100
1 39 50
1 77 96
1 6 28
1 31 86
1 63 87
1 14 27
1 83 84
1 39 61
1 1 35
1 10 55
2
2
2
2
2
2
2
2
2
2
2
2
1 72 79
1 70 75
1 14 49
1 4 86
1 98 99
1 31 56
1 4 10
1 70 71
1 31 51
1 13 41
1 68 80
1 41 83
2
2
2
2
2
2
2
2
2
2
2
2
2
2
2
2
2
2
2
2
2
2
2
2
1 54 76
1 57 88
1 61 82
1 21 50
1 38 75
1 18 67
1 43 89
1 35 66
1 11 52
1 83 87
1 74 82
1 27 48
1 9 36
1 14 23
1 53 97
1 50 55
1 24 91
1 47 72
1 5 67
1 52 70
1 59 71
1 81 95
1 25 100
1 83 91
1 90 92
2
2
2
2
2
2
2
2
2
2
2
2
2
2
2
2
2
2
2
2
2
2
1 1 97
2
2
2
2
2
2
2
2
2
2
2
2
2
2
2
2
2
1 36 61
1 77 86
1 56 70
1 65 90
1 32 50
1 24 80
1 74 95
1 87 100
1 18 98
1 11 84
1 37 43
1 25 67
1 44 57
1 39 72
1 81 85
1 40 69
1 62 99
1 25 30
1 90 94
1 9 71
1 14 63
1 93 95
1 67 89
1 27 40
1 78 88
1 15 79
1 96 99
1 94 97
1 71 90
1 98 99
1 23 89
1 90 100
1 40 41
1 80 81
1 58 68
1 24 77
2
2
2
2
2
2
2
2
2
2
2
2
2
2
2
2
2
1 40 52
1 6 25
1 56 88
1 93 98
1 31 51
1 16 75
1 78 97
1 27 30
1 93 97
1 42 62
1 49 76
1 8 98
1 22 45
1 30 92
1 68 87
1 23 59
1 29 36
1 96 100
1 8 77
1 32 88
1 13 91
1 76 90
1 64 73
1 23 67
1 44 58
1 92 97
1 9 50
1 65 71
2
2
2
2
2
2
2
2
2
2
2
2
2
2
2
2
2
2
2
2
2
1 7 80
1 5 7
1 23 77
1 37 77
1 49 92
1 92 93
1 84 90
1 13 83
1 33 46
1 7 68
1 57 85
1 28 81
1 11 14
1 27 79
1 73 96
1 48 87
1 59 84
1 28 34
2
2
2
2
2
2
2
2
1 2 6
1 43 67
2
2
2
2
2
2
2
2
2
2
2
2
2
2
2
2
2
2
2
2
2
2
2
2
2
1 5 81
1 77 86
1 9 37
1 7 55
1 35 60
1 74 82
1 71 73
1 39 44
1 55 89
1 19 47
1 72 97
1 20 42
1 17 47
1 24 64
1 19 31
1 88 98
1 44 100
1 69 89
1 41 44
1 82 90
1 17 73
2
2
2
2
2
2
1 39 54
1 92 94
1 8 58
1 16 91
1 49 61
1 40 62
1 34 57
1 92 97
2
2
1 34 74
1 35 97
1 63 82
1 70 85
2
2
2
2
2
2
2
2
2
2
2
2
2
2
2
2
2
2
2
2
1 62 69
1 27 44
1 86 91
1 58 76
1 15 96
1 65 90
1 60 95
1 58 74
1 97 98
1 1 90
1 42 98
2
2
2
2
2
2
2
2
2
2
2
2
1 69 93
1 59 74
1 27 88
1 92 98
1 55 82
1 1 39
1 8 35
1 52 91
1 76 95
1 60 61
1 69 75
1 4 33
1 62 68
1 83 89
1 88 96
1 60 82
1 67 99
1 2 23
1 34 95
2
2
2
2
2
2
2
2
2
2
2
2
1 66 77
1 69 77
1 60 90
1 67 94
1 31 41
1 61 87
1 44 73
1 64 92
1 17 53
1 52 95
1 8 70
1 33 100
1 96 98
1 27 89
2
2
2
1 60 88
2
2
2
2
2
1 21 61
1 18 74
1 73 94
1 20 41
1 3 40
1 71 85
2
2
2
2
2
2
1 31 82
1 48 78
1 91 95
1 98 99
1 67 74
1 7 56
1 83 99
1 14 92
1 82 84
2
2
2
2
2
2
2
2
2
2
2
2
2
2
2
2
2
2
2
2
2
2
2
2
2
1 94 96
1 19 71
1 3 7
1 46 67
1 10 98
1 22 80
1 38 44
1 70 77
1 77 84
1 66 68
1 15 78
1 98 99
1 80 83
1 89 96
2
2
2
2
2
1 2 91
1 9 13
1 32 67
1 25 92
2
2
2
2
2
2
2
2
2
2
2
2
2
2
1 54 66
1 63 65
1 1 56
1 19 94
1 6 47
1 94 95
1 11 45
1 31 65
1 69 82
1 90 98
1 8 26
1 94 99
1 7 49
1 31 98
1 79 91
1 45 97
1 12 32
1 23 29
1 94 99
1 99 100
1 63 94
2
2
1 95 98
2
2
2
2
2
2
2
2
2
2
2
1 4 86
1 27 55
1 52 75
1 76 92
1 31 56
1 98 100
1 11 43
1 92 100
1 89 90
1 82 90
1 80 99
1 6 98
1 61 91
1 54 56
1 79 83
1 1 40
1 86 93
1 60 86
1 66 90
1 60 74
1 30 92
1 15 18
1 16 49
1 90 91
2
2
2
2
2
2
2
2
2
2
2
2
2
2
2
2
2
2
2
1 22 25
1 32 64
1 96 98
1 99 100
1 71 82
1 11 52
1 37 96
2
2
2
2
2
2
2
2
2
2
2
2
2
2
2
2
2
1 79 93
1 8 63
1 45 68
1 11 69
1 71 74
1 96 98
1 96 99
1 12 84
1 18 54
1 10 44
1 2 30
1 69 97
1 94 99
2
2
2
2
2
2
1 77 100
1 7 92
1 37 41
1 14 79
1 69 84
2
2
2
2
2
2
2
2
2
2
2
2
2
2
2
2
2
1 4 63
1 35 91
1 23 65
1 8 23
1 54 71
1 31 52
1 59 96
1 80 86
1 40 78
1 3 53
1 50 70
1 70 98
1 46 80
1 25 45
1 81 84
1 82 97
1 38 46
1 21 25
1 74 96
1 95 96
2
2
2
2
2
2
1 42 95
1 95 98
1 49 93
1 8 16
1 99 100
1 38 71
1 5 91
1 83 93
1 33 51
1 35 92
1 78 94
1 17 18
1 82 95
1 69 98
1 81 98
1 2 59
1 24 62
1 70 94
1 78 86
2
2
2
2
1 13 68
1 93 94
1 67 86
1 77 79
1 19 85
1 42 97
2
2
2
2
2
2
2
2
2
2
2
2
2
2
2
2
1 58 86
1 60 94
1 47 88
1 73 93
1 35 75
1 80 97
2
2
2
2
2
2
2
2
2
2
2
2
1 60 81
1 31 99
1 8 83
1 50 53
1 58 82
1 54 64
1 33 45
1 71 87
1 11 58
1 21 84
1 4 98
2
2
2
1 57 67
1 13 73
1 89 100
2
2
2
2
2
2
2
1 97 98
1 75 83
1 63 85
1 45 60
1 56 88
2
2
2
2
2
2
2
2
2
1 99 100
1 14 90
1 66 95
1 88 95
1 34 51
1 97 98
2
2
2
2
1 35 66
1 51 60
1 74 93
1 81 98
1 18 76
1 19 67
1 40 60
1 67 81
1 52 64
1 25 95
1 42 60
2
2
2
2
1 81 98
1 7 98
2
2
2
2
2
2
1 90 93
1 83 93
1 50 99
1 24 95
2
2
2
1 92 99
1 92 94
2
2
2
2
2
2
2
1 27 35
1 83 96
1 83 96
1 57 59
2
2
2
1 4 58
1 76 99
1 9 29
1 67 72
1 66 100
1 13 96
1 73 97
1 98 99
1 84 91
2
2
2
2
2
2
2
2
2
2
2
2
2
2
1 3 55
1 83 89
1 62 69
1 25 84
1 70 95
1 17 67
1 76 80
1 44 67
1 54 93
1 51 87
1 60 77
1 80 86
1 1 34
1 38 39
1 65 100
1 44 62
1 41 86
1 67 100
2
2
2
2
2
1 35 80
1 59 77
2
2
2
2
2
2
2
2
2
2
2
1 22 42
1 76 96
1 67 91
1 77 79
1 20 52
1 93 94
1 27 51
1 91 100
1 46 96
1 77 79
1 4 10
1 20 67
1 23 84
2
2
2
2
2
2
2
2
2
2
2
2
2
2
2
2
2
2
2
1 81 84
1 78 90
1 44 98
1 88 99
1 19 56
1 50 68
1 75 78
2
2
2
2
2
2
1 9 90
1 20 39
1 46 54
1 48 52
1 66 100
1 71 73
1 66 97
1 36 92
1 13 68
1 64 85
1 99 100
1 34 49
1 38 92
1 19 47
1 14 73
1 36 47
2
2
2
2
2
2
2
1 42 43
1 50 80
1 83 86
1 87 99
1 51 76
1 7 81
1 23 49
2
2
2
2
2
2
2
2
2
2
2
2
2
2
2
2
2
2
1 61 86
1 93 95
1 82 96
1 84 92
1 59 89
1 64 73
1 28 74
1 39 77
1 71 98
1 63 69
2
2
2
2
2
2
2
2
2
2
2
2
2
2
1 43 85
1 45 100
1 72 78
1 44 77
1 84 86
2
2
2
1 18 88
1 29 88
1 69 82
1 54 82
1 74 79
1 31 51
1 37 94
2
2
2
2
2
2
2
2
2
2
2
2
2
2
2
2
2
2
2
2
2
1 53 89
1 21 63
1 9 23
1 7 22
1 24 47
1 70 88
1 33 60
1 75 89
1 20 63
1 75 100
1 22 76
1 51 72
1 24 28
1 81 86
1 25 66
1 47 74
1 95 98
1 56 64
1 43 69
1 55 93
1 30 60
1 75 91
1 7 37
1 63 64
1 80 97
2
2
2
2
2
2
2
2
2
2
2
2
2
2
2
2
2
2
2
2
1 85 90
1 27 67
1 81 90
1 32 46
1 67 99
1 36 60
1 88 95
1 60 87
1 6 68
1 30 99
1 82 87
1 62 94
1 26 96
1 96 97
1 27 40
1 36 63
1 27 45
1 54 86
1 41 66
1 9 46
1 53 81
2
2
1 47 98
1 89 97
1 69 70
1 82 98
2
2
2
2
2
1 31 32
1 61 73
1 8 26
1 33 97
1 22 65
1 17 32
1 36 87
2
2
2
2
2
2
2
2
2
2
2
2
2
2
2
2
2
2
1 7 52
1 41 77
1 30 43
1 84 87
1 85 94
1 23 53
2
2
2
2
2
2
2
2
2
2
1 57 61
1 78 94
1 20 59
1 3 44
1 23 48
1 35 36
1 89 90
1 41 96
1 42 59
1 30 86
1 30 66
1 83 91
1 74 80
1 10 99
1 76 84
1 24 84
2
2
2
2
2
2
2
2
2
2
2
2
2
2
2
2
2
2
1 85 100
1 79 89
1 44 61
1 2 75
1 31 57
1 41 48
1 71 100
1 90 96
1 44 82
1 19 98
1 31 72
1 34 88
1 59 82
2
2
2
2
2
2
2
2
1 37 100
1 36 92
1 86 93
1 22 47
1 40 46
1 94 97
1 61 82
1 27 71
1 42 78
1 59 91
1 62 82
1 81 92
1 38 87
1 33 98
1 9 100
1 32 91
1 82 83
1 77 82
1 24 99
1 16 64
1 13 64
1 39 58
1 8 67
1 14 65
1 84 96
1 33 64
1 83 89
2
2
2
2
2
2
2
2
2
2
2
2
2
2
2
2
2
2
2
2
2
2
2
2
1 85 91
1 94 99
1 63 70
1 45 87
1 82 86
1 51 96
1 21 84
1 48 93
1 7 12
1 12 66
1 98 99
1 18 81
1 67 82
1 6 10
2
1 92 93
2
2
2
2
2
2
2
2
2
2
2
2
2
2
2
1 40 76
