99
8 4 9 1 11 9 0 11 11 14 0 1 13 7 9 13 13 10 8 2 0 4 10 12 9 10 9 1 6 14 9 11 6 12 14 10 13 2 1 3 2 3 14 12 3 12 10 12 1 12 11 12 14 11 13 12 2 0 7 12 8 3 7 6 10 9 10 12 5 13 9 7 4 9 10 9 4 14 10 7 6 14 1 5 14 1 4 3 1 2 12 1 14 8 1 5 9 7 7 7 
12 13 6 9 11 11 7 9 2 7 6 8 12 6 6 8 1 1 1 13 6 6 14 12 6 13 4 1 1 13 7 13 14 12 1 5 11 12 7 14 6 4 7 11 9 13 0 10 13 6 3 3 14 7 12 11 14 2 8 1 6 1 4 8 14 5 12 4 5 9 0 10 1 1 4 10 8 11 9 10 7 14 0 1 0 1 10 1 10 6 10 3 4 12 5 5 14 14 5 9 
6 9 2 3 3 13 8 12 7 1 13 11 3 11 13 3 10 9 13 4 13 6 4 8 1 2 8 4 6 3 3 7 5 12 2 13 11 7 10 4 1 1 13 4 12 7 6 13 11 10 8 9 13 14 1 6 3 0 11 14 1 13 4 0 0 8 13 14 8 13 14 14 2 14 7 5 0 14 5 10 3 1 14 5 5 10 11 3 3 5 5 10 7 11 14 9 7 1 1 2 
49 51 59 70 63 48 64 70 69 63 66 70 60 52 59 61 69 69 54 60 63 55 70 63 80 44 70 87 58 78 57 49 53 65 46 77 63 77 68 75 40 62 55 69 68 46 61 63 67 73 69 77 76 59 56 80 55 57 59 60 53 50 66 73 81 60 56 61 63 76 67 46 44 63 69 50 92 73 77 58 54 84 67 64 63 74 53 72 57 72 73 82 45 54 82 71 63 80 57 38 
52 67 72 57 62 60 66 61 61 65 44 80 75 57 79 48 55 79 65 69 75 44 74 57 65 63 72 54 81 47 87 47 57 61 64 59 64 72 52 60 54 48 65 63 70 87 77 73 59 60 54 78 71 58 67 62 80 58 79 49 76 65 54 55 66 59 51 58 47 36 64 66 62 32 89 64 70 59 53 98 54 79 57 46 86 68 49 78 57 68 73 86 58 58 58 76 65 51 50 48 
35 63 82 72 67 87 56 59 58 63 60 45 57 59 64 67 68 66 71 63 77 79 89 64 44 44 64 57 74 65 55 58 72 52 42 48 54 56 77 54 71 56 71 80 50 62 78 49 67 46 57 64 69 76 51 46 71 51 69 46 61 56 68 64 67 71 47 67 65 99 67 74 73 68 75 51 59 53 45 67 60 71 57 60 67 59 60 65 49 64 92 76 55 65 59 89 67 65 57 61 
7 8 3 12 3 9 0 7 11 3 13 13 9 9 11 11 5 14 6 9 0 6 5 0 13 14 0 2 4 13 9 12 4 13 6 0 4 1 12 11 10 4 2 0 5 10 7 4 11 11 0 6 3 11 0 9 2 14 14 7 5 1 9 8 0 11 14 14 3 12 6 2 10 10 13 8 13 14 0 4 5 1 1 12 11 8 11 1 3 1 11 12 5 8 0 11 1 12 10 6 
4 0 7 7 14 7 6 12 10 8 12 7 9 0 14 11 2 3 11 3 2 6 7 6 7 4 4 6 12 1 5 5 13 9 8 7 3 2 10 13 13 3 1 2 14 4 11 1 11 0 11 3 0 14 11 4 14 8 13 7 6 9 9 7 5 12 7 12 4 6 6 12 2 5 11 0 7 12 0 1 1 6 5 2 2 2 2 5 13 3 0 6 10 1 9 11 14 3 14 11 
3 10 3 6 11 7 2 12 7 14 12 13 1 4 13 4 9 12 0 9 13 7 0 2 0 1 12 12 6 4 13 4 11 13 9 3 1 11 0 9 11 5 1 3 3 13 13 3 7 8 6 9 7 7 6 3 5 3 4 3 12 10 6 5 12 7 5 14 10 14 2 7 6 4 6 4 8 1 13 0 8 9 5 8 7 7 3 4 12 4 8 12 0 1 0 3 1 4 6 12 
41 54 66 74 50 50 58 50 46 73 54 74 69 73 64 62 81 45 74 72 79 66 66 77 66 52 48 42 51 58 59 71 78 68 69 77 67 71 48 44 82 57 74 82 61 67 50 64 64 67 67 59 66 56 47 58 80 63 58 54 52 52 62 74 67 58 74 55 60 60 64 80 62 66 78 46 62 41 59 73 52 69 46 84 64 67 81 75 88 43 73 55 70 69 75 70 58 70 50 30 
59 45 69 71 39 56 54 61 66 66 77 53 71 68 87 48 63 67 66 93 78 56 64 91 63 83 70 67 68 45 51 75 69 50 54 98 58 59 68 72 61 53 66 59 64 65 44 61 36 76 61 58 74 76 51 60 70 54 44 70 76 47 62 65 70 77 62 66 68 46 74 69 69 58 71 60 66 68 50 54 38 42 58 86 60 68 51 83 58 63 77 59 58 80 61 78 64 62 41 62 
31 39 80 62 87 59 91 96 65 53 43 39 39 68 59 55 48 66 74 69 89 82 50 69 67 75 46 64 77 63 83 68 48 62 64 80 82 48 73 77 43 72 68 71 72 54 72 51 51 77 57 48 64 58 62 57 61 66 68 51 71 73 50 49 54 78 71 65 64 52 53 65 61 60 86 69 76 75 62 73 35 44 74 54 55 69 66 60 64 65 76 78 83 70 61 67 51 56 58 38 
26 52 84 56 81 66 67 50 51 57 42 76 50 62 61 80 55 60 63 69 63 66 64 86 56 59 60 72 57 55 62 93 58 66 80 84 46 69 58 67 62 77 80 69 49 75 68 68 58 69 58 82 64 71 77 70 47 44 62 64 57 83 77 74 69 55 66 49 70 65 57 74 41 47 65 68 72 52 77 63 66 66 73 83 48 47 61 66 57 61 70 49 77 81 61 63 56 50 51 39 
9 6 2 6 13 7 9 5 12 0 11 12 11 7 11 0 11 6 10 0 8 14 1 6 5 12 3 12 5 11 3 13 6 1 12 11 12 7 11 10 14 1 8 2 0 8 9 11 14 2 13 5 0 13 4 4 4 9 4 2 4 12 13 13 12 0 4 9 1 1 11 6 3 14 9 4 6 3 10 13 7 10 6 8 4 4 4 12 6 8 9 1 6 6 1 7 6 6 0 14 
11 6 8 12 3 10 0 12 11 1 13 3 0 2 1 9 8 10 13 10 5 12 11 13 13 9 10 0 13 14 4 2 7 0 10 5 4 10 2 3 9 0 4 11 1 4 3 1 4 0 11 10 1 1 1 12 4 11 10 9 9 11 2 7 5 1 5 8 10 11 4 0 9 1 11 14 3 3 11 6 10 12 13 7 10 8 14 6 13 6 1 2 9 13 11 10 2 0 7 2 
14 0 8 3 12 7 7 10 14 10 7 10 13 8 14 3 5 8 2 8 12 14 11 12 11 2 5 0 12 4 7 10 1 1 3 8 4 12 3 3 10 1 11 7 11 3 3 4 6 3 14 9 8 1 5 9 3 1 9 7 9 2 3 8 4 1 11 13 0 11 2 6 11 4 10 0 14 2 14 13 0 1 11 5 6 14 7 6 6 2 7 13 5 10 6 9 12 10 12 14 
13 2 13 6 4 5 12 11 2 7 10 8 10 12 6 3 2 4 8 0 11 0 12 0 5 9 9 13 13 4 13 1 8 0 9 1 7 11 10 14 8 2 8 4 5 12 12 7 11 9 3 14 3 2 9 9 2 14 1 1 6 7 6 11 14 0 3 1 12 9 12 5 5 10 1 7 4 4 7 2 3 3 0 10 5 11 13 1 13 1 9 2 2 13 11 0 2 10 13 6 
39 58 70 98 62 81 55 77 69 64 49 59 63 56 51 67 80 48 57 46 67 91 71 58 55 71 56 86 72 74 59 57 51 72 73 64 67 61 53 56 45 55 56 72 53 48 74 69 60 49 56 54 58 58 76 71 65 74 75 53 67 58 67 56 76 77 73 54 51 72 84 77 65 70 76 68 75 60 62 42 40 62 71 72 58 69 67 49 62 63 66 76 78 74 80 66 47 53 57 46 
52 59 70 51 75 72 61 67 65 65 56 73 59 72 56 64 62 54 54 67 52 49 51 72 57 79 62 58 62 73 72 72 48 73 85 71 77 61 52 58 59 46 61 89 73 79 76 66 59 43 65 45 56 65 65 77 63 86 65 65 71 55 48 49 56 60 83 54 75 81 47 43 49 45 52 67 62 71 61 67 64 68 75 78 90 72 78 81 80 65 54 64 77 60 56 52 67 59 39 29 
10 11 1 6 10 8 14 6 13 3 3 1 11 12 3 7 13 9 5 13 1 10 0 12 0 0 5 5 3 2 14 11 7 8 12 4 6 7 8 10 8 0 7 0 8 9 2 14 6 14 5 4 3 5 5 3 5 1 3 12 10 4 13 3 2 5 1 14 10 13 8 10 1 3 9 4 5 2 11 1 11 2 7 2 8 12 6 10 10 14 0 13 8 5 4 14 0 9 4 4 
10 2 5 1 6 12 5 2 11 10 4 6 2 11 9 12 14 0 6 3 2 12 0 11 3 3 14 4 6 1 9 13 11 14 9 14 6 0 6 3 4 14 11 7 13 2 1 9 6 4 8 10 3 8 8 11 1 12 0 13 5 3 14 11 3 12 4 3 4 11 12 11 9 0 0 6 5 2 0 5 0 6 6 4 7 9 10 12 12 13 13 4 7 6 3 4 12 2 8 1 
43 58 63 64 55 70 79 65 76 52 56 55 81 58 62 78 70 56 54 76 74 72 83 48 50 58 58 65 73 48 37 45 67 66 72 73 80 82 68 66 54 65 69 53 62 56 62 49 77 63 70 89 73 53 60 89 83 81 69 69 87 65 73 52 43 37 50 74 63 66 56 45 70 51 57 47 53 66 61 56 63 69 66 70 55 49 66 53 53 70 73 68 65 50 77 79 80 54 49 44 
56 59 88 64 47 69 67 57 64 57 48 69 59 51 58 67 66 61 47 66 51 50 76 72 54 54 77 62 79 69 75 68 46 55 50 63 61 70 73 75 58 72 59 71 84 81 86 54 49 62 42 70 83 62 55 63 41 81 74 49 52 83 65 77 68 51 49 67 68 82 87 44 50 56 64 71 71 59 41 42 54 54 68 79 77 44 58 65 66 73 50 81 91 78 60 43 56 57 37 70 
4 8 12 4 11 4 1 14 9 9 7 9 12 11 12 7 10 4 9 2 6 9 8 3 0 7 0 0 1 10 14 14 8 10 14 12 8 2 1 8 5 6 10 0 10 2 14 8 14 6 1 9 4 13 10 14 10 1 6 6 13 12 4 12 3 10 6 6 4 2 11 11 0 10 5 13 9 9 10 11 12 7 8 6 4 6 4 10 11 6 10 8 6 1 14 11 10 7 13 8 
3 3 11 11 1 3 9 11 7 6 8 10 0 7 5 10 3 13 8 2 5 14 6 13 12 11 13 13 12 10 8 8 4 2 11 1 8 6 7 9 3 14 8 12 12 6 6 12 4 3 14 0 7 9 14 13 12 4 14 2 1 12 14 8 10 2 7 1 2 8 13 11 13 10 3 14 7 0 7 0 13 2 4 1 8 5 12 8 13 7 11 4 10 1 2 8 10 7 1 13 
49 50 76 57 61 73 38 51 50 64 69 69 80 62 63 48 70 43 65 66 56 66 58 70 58 72 79 77 45 88 68 66 62 71 58 35 59 71 76 59 71 70 51 68 75 54 57 56 51 44 59 70 59 49 77 56 55 57 53 58 74 78 71 78 70 64 57 90 55 61 82 61 58 55 45 46 59 95 86 61 75 80 72 66 69 57 68 61 94 76 46 89 72 61 55 72 54 63 45 47 
4 4 8 7 13 0 13 3 3 3 12 3 0 12 12 8 0 1 3 14 1 5 7 0 10 2 3 9 14 6 1 6 11 10 0 13 9 14 8 13 8 7 11 9 1 6 11 13 13 10 10 6 6 10 10 11 8 10 11 7 7 2 3 13 6 9 2 9 3 0 10 4 12 12 2 0 8 10 7 10 0 7 4 0 8 4 9 7 14 11 1 3 2 9 10 0 11 6 5 5 
34 76 78 64 50 76 64 71 74 68 82 73 52 40 60 65 83 75 60 84 58 59 40 48 51 75 67 47 60 50 53 44 62 55 46 54 63 64 59 62 48 65 80 77 66 56 76 64 70 71 60 71 67 67 70 68 52 75 61 70 38 61 42 49 56 70 83 76 52 63 88 64 76 78 49 93 53 56 75 63 90 65 80 91 57 56 54 57 50 82 63 62 72 75 66 52 66 62 41 44 
52 51 57 79 65 58 51 45 62 76 62 91 56 52 76 59 59 40 66 76 68 64 50 66 80 73 66 58 68 51 76 81 70 75 79 78 90 65 66 69 56 54 61 77 79 67 76 63 54 66 75 54 56 65 65 67 42 64 77 64 54 56 67 38 54 60 59 55 65 66 62 41 52 49 58 55 47 45 74 75 48 61 73 71 53 88 53 72 69 70 66 54 80 81 65 49 75 80 52 53 
44 57 67 82 57 65 55 60 54 39 78 60 68 55 55 51 74 67 56 62 60 66 66 66 66 66 59 50 58 68 67 78 79 81 74 58 72 70 81 67 64 69 57 57 79 80 62 73 75 55 64 45 40 42 61 71 97 56 78 67 80 55 61 58 67 66 47 50 68 59 58 36 54 52 66 55 66 88 57 69 68 77 62 70 67 71 53 83 56 73 55 71 58 71 56 60 66 64 59 35 
44 49 58 67 58 63 77 72 90 68 52 43 43 34 76 72 89 68 60 47 46 55 52 60 73 74 63 39 38 82 85 86 61 44 52 83 69 69 80 75 64 76 77 58 58 60 69 57 71 64 65 82 72 53 48 67 59 51 79 56 61 53 39 66 43 52 66 56 69 67 60 57 75 56 62 67 59 67 87 65 85 99 73 64 72 44 76 53 68 78 68 67 63 66 66 57 70 46 40 44 
32 48 65 71 92 72 50 55 45 57 64 62 63 64 68 76 72 68 54 71 64 76 60 63 82 67 77 74 73 60 54 59 63 84 66 64 65 67 65 74 55 40 58 72 49 44 53 77 52 79 65 50 56 52 59 75 72 52 63 89 67 40 55 63 64 77 65 61 44 56 78 62 60 67 64 54 49 61 68 84 78 67 87 74 54 63 46 70 49 73 76 76 79 52 55 34 49 77 79 42 
1 13 6 7 2 2 3 1 6 7 11 6 13 7 1 2 3 13 8 0 0 1 11 8 10 0 9 3 13 0 11 11 11 0 6 0 1 2 0 14 13 12 7 4 1 10 6 14 11 7 6 1 4 1 11 2 6 13 1 0 9 7 11 2 12 5 2 3 13 11 3 9 11 5 9 11 0 12 14 0 9 11 4 7 13 7 5 11 4 13 0 2 4 9 10 8 7 7 13 7 
8 14 10 7 6 8 9 14 13 14 3 5 0 8 9 2 2 2 2 2 1 4 1 5 14 0 4 11 4 5 7 1 6 2 7 1 1 12 2 3 2 5 1 12 9 12 7 12 5 13 6 10 1 4 2 0 14 13 6 12 0 10 1 7 1 11 8 0 2 1 8 5 11 2 2 2 12 9 1 13 5 1 9 13 1 6 3 2 4 11 3 14 9 0 14 7 5 9 7 9 
44 41 53 73 87 58 68 65 78 52 56 65 69 66 44 52 44 64 54 68 63 51 49 73 73 72 97 53 56 72 66 62 65 52 64 55 58 63 74 68 61 59 62 88 59 70 64 58 69 73 57 64 63 83 50 53 55 39 55 67 75 67 82 50 54 72 57 52 88 94 49 65 58 71 82 62 79 76 71 90 60 67 81 55 68 61 43 63 75 64 60 72 49 71 41 45 46 48 48 69 
7 0 14 6 2 1 13 0 6 6 13 2 11 14 8 9 8 9 11 11 3 4 1 11 1 0 8 2 6 11 7 12 1 10 1 3 8 1 7 8 4 9 13 1 10 9 2 5 6 0 8 7 9 1 12 7 4 4 14 4 5 3 9 6 1 6 12 7 6 10 10 11 13 3 8 3 10 5 7 7 14 2 3 1 14 4 10 10 11 4 6 7 12 8 1 2 7 4 5 9 
1 1 12 2 6 14 2 13 3 12 1 14 8 10 7 6 4 7 2 2 14 8 2 0 0 0 5 6 3 1 0 14 12 13 10 1 10 4 1 14 0 5 2 6 10 4 2 1 7 11 5 1 14 6 8 1 8 0 10 8 12 2 9 13 8 14 14 9 2 12 6 10 11 4 14 10 12 4 12 8 3 11 1 13 5 9 4 8 3 9 13 4 2 10 2 6 7 4 0 9 
8 6 13 5 11 2 13 14 13 8 4 5 11 2 2 11 9 14 10 7 1 14 5 13 7 14 3 14 12 2 2 4 14 1 10 11 14 4 8 5 4 4 5 1 10 13 0 2 7 10 6 9 0 0 10 11 1 11 5 8 11 10 8 14 4 6 9 0 7 11 14 12 2 4 1 11 2 10 0 12 11 8 5 14 4 4 0 11 2 0 9 2 10 9 6 3 11 12 5 7 
11 8 1 8 7 12 11 8 14 1 14 1 10 3 1 1 10 7 6 4 4 1 7 0 7 11 5 4 3 12 13 4 11 13 13 8 3 2 12 1 13 0 4 0 9 12 1 4 0 5 12 7 13 13 14 6 8 4 10 4 2 9 10 5 4 14 1 5 0 14 8 6 9 12 2 12 0 1 3 0 9 5 3 3 1 8 11 6 4 12 13 4 1 0 9 2 13 2 1 8 
33 53 67 55 66 57 61 40 59 68 65 42 72 80 79 65 74 92 54 81 48 70 77 55 56 52 60 68 74 72 84 63 60 60 55 68 67 66 73 71 58 59 52 85 66 67 66 51 57 66 51 79 48 58 62 88 56 50 65 71 62 72 64 55 69 57 59 54 60 74 70 68 76 75 89 66 61 48 75 62 69 59 72 54 68 51 62 53 86 65 77 60 70 50 53 54 53 49 64 54 
23 38 57 50 49 73 64 57 69 68 79 84 58 72 66 68 72 59 85 78 84 69 71 50 60 54 81 69 74 56 96 73 51 66 80 73 75 36 65 55 52 67 63 59 69 55 58 50 36 63 59 74 77 65 54 59 40 63 55 40 53 61 49 68 68 89 93 60 50 61 81 48 69 63 57 77 81 45 72 69 74 54 67 75 66 46 69 78 71 67 62 61 49 61 75 67 61 51 46 56 
3 11 3 12 0 2 3 13 1 3 14 1 10 9 7 5 8 1 9 4 9 3 8 1 13 12 7 11 10 13 13 5 14 14 3 3 13 0 7 2 7 6 2 5 13 9 11 0 12 12 6 6 13 13 4 8 11 1 3 2 11 7 10 8 7 6 0 7 14 13 4 5 9 2 12 14 8 11 13 10 0 2 5 9 6 5 2 14 13 13 2 4 3 4 4 11 9 0 3 14 
53 63 49 59 42 42 72 50 50 64 63 80 70 49 53 77 64 50 66 62 77 82 51 84 56 57 73 71 54 71 77 47 64 62 60 63 62 75 63 65 94 41 72 63 81 52 59 50 65 51 58 57 96 83 68 80 85 72 60 63 59 54 63 67 51 45 62 58 55 83 46 73 54 82 53 72 64 61 73 57 89 76 58 62 59 62 48 58 62 55 53 76 71 48 54 59 67 46 63 49 
40 63 66 85 81 60 75 61 68 60 66 47 62 68 62 47 69 48 72 72 77 62 73 78 61 41 65 42 49 47 60 46 55 52 78 64 73 63 81 62 48 68 58 69 47 42 54 62 64 59 62 68 90 46 69 48 69 82 70 80 70 61 76 60 68 66 76 66 58 45 62 57 60 70 78 72 55 74 50 58 62 60 58 58 68 63 61 54 85 68 79 89 68 84 64 57 73 61 36 33 
7 2 12 5 5 1 7 1 12 10 5 2 7 13 11 10 2 5 9 12 1 4 2 13 4 4 3 1 14 0 4 6 2 2 5 8 13 10 5 8 1 9 4 6 0 8 3 4 3 3 14 1 0 4 11 13 7 13 8 4 3 14 14 10 4 11 2 13 1 1 11 3 10 10 2 0 5 8 12 10 11 13 14 14 9 12 5 2 8 2 4 8 7 11 5 13 0 13 12 7 
39 56 59 53 88 52 76 66 71 94 62 73 93 43 68 75 75 85 73 50 53 75 62 46 69 47 67 59 55 73 68 67 61 69 71 60 62 68 64 48 77 54 65 65 56 59 44 54 43 50 66 46 53 50 63 82 79 66 43 57 66 64 77 56 66 65 69 75 67 77 60 71 53 67 55 61 62 63 47 49 72 80 65 75 70 66 66 58 56 52 65 56 71 60 100 74 59 70 47 48 
2 9 12 7 1 8 8 1 12 2 1 10 9 0 12 0 4 0 0 8 2 4 13 6 7 9 6 5 13 5 12 7 8 6 1 1 3 12 1 0 0 1 6 9 6 14 9 13 9 2 3 6 13 2 5 7 7 13 6 0 5 2 10 9 10 1 14 13 8 9 12 5 13 4 6 13 10 6 9 9 5 12 9 13 0 3 5 9 2 9 14 13 0 2 11 14 11 12 9 6 
4 1 5 8 14 1 12 8 0 8 12 5 7 11 13 8 5 4 8 4 12 5 5 4 2 3 4 1 12 2 0 8 7 9 4 12 6 7 5 6 14 5 13 11 14 2 2 11 7 12 13 6 4 8 9 14 1 0 9 3 7 5 12 6 1 2 7 14 2 2 14 5 6 8 4 4 12 12 3 4 14 1 3 14 8 13 10 1 9 10 13 3 5 13 11 6 8 14 2 5 
26 37 61 69 53 54 64 71 61 84 54 76 63 63 64 43 89 83 62 73 89 73 69 52 63 62 65 82 62 82 55 42 70 88 38 59 59 39 84 75 60 63 71 56 55 64 68 60 66 65 68 57 41 62 62 82 56 56 57 57 59 57 77 67 65 82 62 67 62 71 63 65 70 91 60 50 72 45 59 51 54 48 49 68 61 60 64 77 50 62 62 71 62 62 69 78 70 72 64 56 
45 39 60 66 62 61 60 72 69 67 87 45 44 66 78 83 74 74 74 100 49 45 57 79 78 60 64 69 68 67 73 59 72 35 41 56 88 74 79 64 70 96 53 41 52 73 46 53 49 46 63 86 62 53 57 46 66 59 56 61 61 67 75 65 61 82 74 44 46 72 52 60 72 44 90 75 53 60 61 55 49 48 78 100 62 70 68 70 61 69 60 58 60 81 60 57 84 70 46 37 
3 10 3 6 13 5 2 13 12 1 9 12 12 10 1 7 7 7 14 6 0 10 8 4 4 14 4 14 4 13 14 8 3 8 12 0 1 14 4 0 5 3 1 13 12 0 4 10 4 11 1 1 0 6 10 13 9 0 3 3 9 3 2 13 5 3 1 11 4 7 1 12 6 6 2 1 4 14 0 5 13 11 3 8 10 5 4 2 4 12 11 12 6 9 5 11 0 10 8 2 
4 10 1 3 1 3 13 0 11 7 11 3 14 1 6 3 3 5 10 14 6 7 13 11 3 5 11 3 6 9 3 7 2 10 14 14 1 6 0 3 8 0 2 12 7 0 9 6 7 13 13 6 1 3 11 6 6 2 14 0 4 4 11 13 3 9 10 14 9 12 12 1 5 0 12 1 3 13 3 1 10 1 3 3 13 10 2 8 11 10 8 8 2 5 14 2 9 7 7 3 
48 70 63 59 74 75 73 62 49 68 55 47 73 51 54 72 76 76 64 68 49 51 76 73 59 63 59 74 38 59 50 68 58 68 62 71 46 74 59 63 70 62 61 79 77 94 73 65 71 56 76 59 73 63 63 60 60 63 62 66 52 80 60 62 73 65 70 95 64 51 62 56 68 48 66 46 51 56 79 70 74 54 56 54 54 59 47 78 62 55 71 59 71 52 57 69 54 74 40 46 
10 6 5 10 5 3 14 12 4 11 7 3 0 10 13 3 2 1 1 9 6 8 12 8 11 5 0 0 9 7 4 9 1 10 9 14 7 0 6 5 1 7 4 3 0 8 12 14 13 11 2 5 7 9 0 13 6 13 11 3 10 1 11 4 9 11 10 0 2 14 0 10 4 2 5 8 13 3 7 9 11 9 7 4 12 10 9 6 3 3 6 8 9 6 7 0 5 11 1 9 
54 72 81 75 55 55 74 48 54 42 52 56 48 66 51 74 74 63 62 67 66 52 69 77 68 75 57 64 73 60 68 56 63 69 72 73 63 50 87 54 59 98 54 65 54 54 72 51 63 69 59 56 64 76 55 75 69 55 55 38 54 57 75 62 48 52 53 75 66 56 94 72 52 79 61 76 48 46 80 68 71 76 48 65 80 72 63 81 52 81 60 63 65 76 54 54 57 64 57 29 
44 58 70 71 80 48 53 56 58 77 70 64 49 71 73 64 64 61 48 50 69 64 66 58 52 62 65 53 61 59 44 65 48 69 57 61 56 67 60 77 70 73 78 66 61 64 45 60 61 46 47 59 71 72 56 60 62 63 76 53 71 53 74 87 84 68 51 60 58 70 59 70 77 100 67 59 64 79 44 40 46 71 71 71 99 83 60 55 74 59 67 50 69 61 46 84 49 91 63 55 
0 1 7 4 3 13 4 11 1 9 11 10 12 10 13 10 12 10 3 10 2 14 11 6 5 11 13 1 5 11 12 13 4 11 0 12 12 3 6 13 4 6 9 5 12 13 6 10 11 2 12 8 13 12 9 2 9 11 0 0 9 3 0 3 14 6 13 2 2 1 8 9 13 13 3 2 2 3 4 14 14 12 0 5 7 7 0 6 12 14 8 8 3 6 0 13 0 4 6 13 
41 57 62 42 71 64 57 49 65 72 58 69 71 54 64 58 48 60 58 56 71 51 73 57 59 70 55 60 48 60 72 55 70 68 63 66 45 78 60 54 46 62 75 49 80 67 56 85 67 72 57 69 59 57 47 54 69 55 68 86 72 82 59 61 64 65 100 75 84 85 54 66 84 78 56 67 71 67 64 55 75 65 46 60 57 81 62 58 66 79 64 63 64 79 73 54 54 70 54 40 
0 1 2 14 4 11 13 12 14 14 7 10 8 1 5 12 7 8 1 5 11 9 4 13 9 7 0 12 12 5 0 12 8 13 11 1 2 4 7 2 2 2 6 4 1 12 10 10 5 3 0 3 10 4 8 7 11 5 12 9 3 3 0 13 0 13 8 1 13 5 2 8 7 5 6 2 0 9 6 4 0 0 5 4 5 8 13 13 2 0 6 4 3 7 9 10 14 4 3 1 
10 5 10 0 8 11 2 6 6 13 14 8 10 10 13 14 10 4 0 0 6 9 4 11 3 13 3 4 8 7 14 10 12 8 7 13 1 13 0 14 13 0 13 2 10 11 9 6 11 11 13 9 3 10 6 0 14 12 11 13 10 13 5 2 6 12 7 3 4 2 13 14 1 10 9 5 13 8 5 3 5 10 3 7 4 0 0 5 7 9 12 6 10 1 9 5 4 6 6 13 
69 48 52 41 75 74 72 66 79 56 70 85 82 48 48 72 62 57 78 73 60 50 64 66 60 75 95 55 76 81 65 39 67 75 73 76 53 73 45 74 55 49 60 75 45 71 56 72 53 43 53 65 55 94 62 59 62 57 58 71 87 83 65 66 60 51 65 67 64 60 49 64 55 71 62 74 78 73 40 72 74 50 48 55 68 57 61 66 65 61 69 61 57 55 64 58 81 63 61 39 
11 10 7 3 0 0 0 9 5 10 6 7 14 4 9 13 3 8 8 8 11 7 5 0 3 0 9 13 12 5 6 2 7 8 1 5 1 12 4 7 2 1 6 9 8 3 7 10 5 3 6 1 7 6 5 10 12 4 14 9 0 12 13 8 0 6 12 7 3 5 2 1 8 10 9 2 1 13 11 5 1 3 3 0 5 7 3 6 6 10 14 7 11 13 10 10 8 4 8 0 
37 64 53 76 65 62 63 73 67 67 59 67 55 66 77 56 62 50 52 52 64 76 53 62 100 62 48 44 51 66 53 70 73 64 61 65 67 89 52 58 67 64 59 71 89 61 89 74 59 57 37 59 65 100 69 45 44 51 52 58 40 65 52 61 49 68 85 59 60 52 61 72 92 84 60 62 79 85 67 80 78 54 85 54 60 58 47 82 61 73 68 65 58 49 64 54 59 69 48 48 
2 10 4 9 5 13 14 1 9 5 3 4 10 13 4 1 1 2 4 1 0 0 1 12 8 10 4 10 12 5 14 7 13 10 14 1 6 12 2 3 13 14 12 9 7 10 9 6 4 7 9 5 2 6 0 3 3 12 10 6 1 2 5 13 10 4 9 12 13 9 3 10 3 13 6 6 4 9 0 1 11 11 12 12 5 1 14 8 5 10 11 3 12 3 10 1 9 0 11 6 
5 6 6 14 4 2 0 5 5 2 5 14 10 5 0 13 1 3 8 9 11 9 13 8 5 14 0 13 5 6 12 7 9 5 0 0 12 13 2 10 11 13 5 14 1 0 12 1 3 13 2 2 0 0 4 6 9 0 12 6 12 12 10 1 12 12 3 13 13 1 10 12 10 7 12 13 11 5 2 11 11 9 4 12 2 4 13 5 2 5 3 2 7 5 13 14 13 7 1 2 
5 1 14 0 6 1 14 2 10 2 4 13 5 2 13 13 14 0 0 6 6 8 0 12 7 6 6 8 5 3 13 14 6 2 9 13 2 6 10 11 1 14 14 10 0 6 14 0 5 7 5 5 2 6 4 1 4 14 4 14 3 12 13 12 4 2 7 8 6 10 0 8 13 2 5 4 0 2 7 6 11 1 0 12 9 14 10 8 12 5 1 3 0 5 6 13 8 5 4 7 
44 36 65 61 65 81 79 79 70 65 56 65 46 48 53 80 70 57 64 60 63 44 44 60 59 59 76 56 56 60 72 77 64 66 50 61 71 65 56 70 64 64 59 50 73 49 66 59 71 55 56 60 60 76 58 83 58 49 57 88 33 38 87 65 61 89 52 62 41 39 55 62 87 85 78 72 85 67 59 83 59 80 56 81 70 49 56 57 57 59 58 85 99 60 80 93 65 65 59 37 
57 48 58 86 59 74 61 57 76 46 47 66 71 74 100 42 59 56 64 78 87 91 49 68 71 85 71 50 57 71 50 55 62 60 51 99 87 41 56 55 63 65 61 55 65 88 56 50 78 58 65 62 52 68 80 61 46 58 54 35 49 71 60 69 69 62 64 67 52 46 56 84 83 67 59 59 66 77 63 59 65 56 64 54 76 62 71 77 64 56 58 57 46 64 67 71 74 71 42 55 
60 55 100 66 42 54 63 69 55 52 68 46 57 77 67 52 49 79 66 71 78 63 84 55 70 70 68 42 64 56 73 65 50 59 86 46 67 59 65 61 48 97 56 62 59 57 65 62 47 55 41 61 59 52 64 81 57 40 100 58 64 41 59 55 65 64 69 75 78 65 74 72 52 62 50 88 46 59 49 61 71 54 65 75 69 73 72 88 84 69 59 56 71 60 64 85 46 73 64 49 
73 52 72 58 74 53 64 82 74 59 58 52 77 91 66 64 59 92 52 47 59 45 77 80 62 74 78 58 58 50 60 58 77 55 62 54 60 55 51 52 67 49 57 62 53 63 53 78 70 51 65 70 75 98 61 51 64 57 65 75 86 74 51 68 47 57 41 53 84 84 56 59 50 38 62 37 63 78 75 74 66 66 49 73 52 66 74 67 60 72 67 51 75 66 76 57 60 63 39 37 
38 63 64 66 45 79 66 51 53 80 68 54 76 71 66 79 40 57 52 91 60 71 59 68 69 79 59 50 51 62 56 52 61 78 100 75 61 70 46 77 72 58 54 72 57 50 57 53 56 80 68 55 59 72 64 81 75 82 53 50 63 83 70 62 46 63 59 40 53 78 82 65 80 54 56 47 66 57 56 69 65 61 65 68 65 54 89 67 69 55 67 60 64 58 69 66 55 53 63 48 
4 5 3 1 4 10 7 11 5 8 8 8 1 0 7 14 14 6 5 9 13 9 4 0 8 2 0 1 8 13 13 4 0 8 10 1 6 14 12 14 13 2 7 4 6 10 6 10 2 5 5 11 7 0 0 0 4 8 6 4 4 5 6 9 14 6 14 11 0 4 7 10 1 5 5 8 6 10 5 12 12 0 8 13 3 9 10 8 12 13 9 3 7 13 12 5 2 7 7 3 
49 45 55 53 58 79 44 59 68 78 44 42 76 67 56 60 63 52 72 63 55 61 74 57 79 54 57 69 89 80 61 63 73 68 55 59 53 73 68 73 62 81 69 51 66 75 49 62 62 46 43 64 60 78 49 63 65 64 69 63 77 88 79 47 58 46 69 71 57 64 48 70 45 54 45 57 93 83 84 69 68 43 57 72 52 62 68 68 82 70 43 71 71 70 64 59 71 76 71 52 
2 13 8 10 14 4 6 2 3 4 9 11 9 5 14 5 4 3 3 2 5 5 8 2 3 5 5 1 8 5 14 13 4 2 14 11 3 10 8 6 13 2 12 12 5 13 12 7 1 12 6 2 7 6 3 1 8 7 4 12 8 3 5 11 11 4 7 14 9 7 1 13 12 9 10 6 10 8 5 13 13 11 2 7 7 9 9 5 9 4 14 11 7 5 8 13 0 14 7 14 
37 56 98 100 84 98 70 67 69 69 63 53 71 74 59 62 51 71 65 73 56 40 69 62 70 62 63 87 64 74 51 46 79 78 49 54 64 64 69 59 78 68 58 62 65 59 71 61 53 76 57 55 58 51 63 53 73 63 55 66 46 51 44 82 85 81 69 48 70 47 78 66 68 68 64 59 53 62 60 46 67 65 63 57 73 63 59 61 61 49 63 64 69 52 44 58 84 60 36 50 
42 27 52 73 63 65 75 74 57 63 78 84 70 73 67 43 63 47 66 60 50 72 55 62 74 69 66 66 56 57 51 60 63 64 66 67 93 65 44 54 55 80 64 65 60 58 69 79 91 64 44 80 65 69 82 64 64 74 58 77 53 63 75 65 59 67 48 59 46 64 49 68 62 65 60 62 56 56 57 68 55 56 94 55 68 81 58 76 76 72 63 77 60 68 86 62 62 48 57 36 
11 10 8 3 7 14 10 11 8 9 9 6 3 3 7 8 11 12 12 1 5 14 10 9 7 4 9 1 3 3 4 2 6 0 2 2 9 3 1 5 3 1 14 1 3 3 14 0 0 2 7 4 9 9 3 12 6 1 3 13 14 14 7 14 3 11 12 3 9 1 2 5 9 2 6 12 9 0 5 11 5 2 1 10 7 4 8 12 8 4 5 1 10 7 12 3 10 7 9 13 
10 4 13 7 2 13 1 9 11 6 9 8 13 11 4 14 14 6 7 7 1 9 10 9 13 1 3 2 7 1 12 12 8 11 7 12 13 0 7 10 4 3 8 0 4 2 5 11 1 1 3 4 10 9 3 0 14 2 6 12 2 6 8 3 3 9 6 4 3 0 3 8 13 12 12 3 8 3 0 14 12 4 9 5 6 1 4 14 0 13 2 13 4 13 0 9 14 1 0 11 
42 53 56 61 51 74 82 64 47 43 45 77 68 66 67 70 60 57 72 88 51 43 60 75 69 77 62 85 67 87 59 52 57 64 65 69 74 67 54 61 73 78 71 64 55 45 56 61 62 61 56 59 72 62 67 68 48 70 55 57 94 45 61 67 77 83 67 50 83 50 50 32 55 74 68 78 56 53 77 62 71 83 61 61 53 50 65 81 56 55 45 59 67 53 55 74 70 82 76 54 
45 70 54 68 79 58 75 60 80 65 61 57 85 100 63 59 75 72 91 56 67 50 48 72 54 76 94 63 49 66 83 67 72 64 74 66 65 53 62 56 80 56 100 74 62 63 63 57 79 53 80 73 76 54 76 60 49 38 52 71 68 66 58 63 44 64 68 51 85 60 71 73 59 72 54 70 36 67 64 66 45 58 71 50 56 57 72 69 70 66 28 59 36 44 55 62 68 52 72 42 
10 10 13 12 0 7 12 12 10 2 5 0 8 4 2 0 1 11 2 13 11 3 12 2 6 7 13 9 1 1 7 3 2 6 7 1 11 9 2 6 4 6 4 9 1 2 7 12 9 9 9 7 3 4 4 6 13 8 3 12 13 14 9 6 10 6 13 14 7 9 13 11 12 4 9 13 11 11 2 5 13 3 10 0 7 10 0 10 1 5 1 8 8 14 8 2 1 10 6 3 
37 45 59 59 69 71 54 60 55 63 56 58 71 59 63 80 79 75 89 67 61 73 61 80 60 69 65 74 79 63 52 78 48 64 53 50 50 52 67 64 73 78 62 74 66 54 52 63 63 56 45 63 77 46 82 48 65 81 69 60 55 71 61 75 77 69 52 66 67 79 67 54 55 66 57 72 58 69 69 70 60 50 46 65 49 83 68 79 71 60 60 55 71 61 52 61 56 66 21 47 
45 50 44 58 54 64 63 64 41 75 74 81 70 84 83 55 58 61 58 67 78 84 70 61 81 58 70 64 67 54 64 83 66 65 56 62 60 57 63 54 59 59 51 53 59 59 58 64 67 60 73 81 60 70 71 55 67 60 66 55 70 66 65 61 70 75 52 44 71 51 64 45 62 56 58 52 69 54 75 70 71 65 69 66 55 70 73 62 59 65 76 68 73 65 59 65 72 78 59 29 
48 43 50 69 61 65 67 84 56 54 61 62 58 49 68 71 79 64 50 46 64 71 64 54 61 49 66 49 55 73 83 55 81 67 88 89 67 67 63 69 63 53 64 76 72 74 86 93 72 66 64 60 61 65 42 82 67 64 60 54 50 55 58 67 67 70 69 77 50 81 60 60 54 58 75 59 76 59 62 62 63 51 89 54 52 40 73 51 76 51 66 53 69 55 65 46 59 71 46 55 
33 36 66 47 54 63 63 76 55 61 58 64 84 44 35 54 59 66 63 64 47 84 69 59 55 61 53 83 50 70 57 68 63 67 59 55 59 79 60 76 62 41 61 71 72 68 64 58 39 72 63 77 70 70 39 44 60 86 78 62 65 75 68 59 78 81 71 63 73 81 75 41 67 62 84 63 78 80 58 60 75 74 69 52 60 63 47 59 41 63 47 86 80 66 75 47 65 61 47 50 
3 7 13 7 7 11 4 14 4 2 9 5 2 11 6 1 12 13 3 8 14 0 10 5 3 6 12 11 13 7 11 9 9 9 4 2 11 0 9 2 3 13 3 12 7 10 10 2 8 6 6 1 4 1 4 0 3 5 3 5 14 0 2 1 5 13 12 6 11 7 3 11 11 10 12 5 3 9 10 13 14 3 4 10 0 2 4 6 2 3 1 3 8 4 1 1 0 9 5 0 
9 3 12 10 1 11 8 12 9 13 14 9 9 6 6 10 11 9 2 6 3 14 6 6 11 13 2 6 9 4 5 11 13 4 12 0 4 10 14 11 3 6 9 12 7 6 3 2 3 8 4 5 10 13 5 1 3 8 8 12 3 13 4 6 7 10 5 8 4 1 13 10 13 9 8 8 6 7 7 10 10 11 12 9 12 4 10 5 5 10 9 7 1 10 6 12 3 0 10 13 
50 37 67 65 69 98 71 66 69 58 46 60 64 54 75 58 74 50 64 47 56 43 64 78 36 57 77 95 52 56 55 71 73 76 56 55 49 60 80 86 66 77 57 66 61 60 51 60 71 65 97 75 84 77 70 47 69 82 70 83 63 71 88 66 77 69 43 51 59 40 75 71 73 69 67 67 57 67 60 61 62 50 70 45 61 56 59 63 77 60 53 51 56 47 35 59 60 66 56 37 
64 50 59 65 43 49 73 70 61 78 67 65 56 68 71 55 68 41 30 76 79 84 46 71 50 54 63 82 64 64 40 69 41 65 57 62 54 61 65 73 58 70 69 72 49 54 51 86 65 75 71 69 45 75 61 59 59 72 90 70 58 69 70 73 71 58 57 67 59 55 62 48 64 56 65 85 57 72 73 63 60 66 77 73 57 61 46 75 47 82 68 71 58 64 51 67 90 81 52 34 
38 54 66 51 62 50 57 46 68 74 75 61 44 59 58 89 60 76 100 71 51 73 83 62 54 60 43 60 69 62 75 56 53 46 79 62 64 59 62 60 60 47 56 59 61 67 66 60 49 73 51 65 51 53 41 56 79 63 56 64 65 86 69 74 71 68 64 69 86 82 80 72 70 48 79 91 84 76 67 51 83 85 73 53 65 53 49 62 73 44 54 46 67 60 52 70 57 50 60 50 
23 47 55 61 79 69 58 55 66 69 64 70 49 59 82 84 82 63 63 53 65 52 52 55 63 63 59 57 63 46 83 63 40 44 70 69 49 58 56 84 60 59 56 59 66 78 85 65 66 57 60 54 61 81 73 72 64 54 55 80 53 78 58 70 71 64 69 81 93 65 64 65 63 72 56 57 67 77 77 56 57 58 53 94 56 83 55 70 53 74 58 60 57 62 62 59 65 71 51 49 
6 4 8 10 11 11 4 4 13 9 9 7 13 13 7 13 7 0 13 13 5 3 9 5 7 7 0 11 6 4 10 2 3 9 0 9 4 5 0 4 8 13 13 9 2 1 7 11 14 5 0 11 0 2 9 2 12 14 1 3 6 2 0 9 7 4 8 2 5 1 4 6 4 3 3 2 7 10 12 3 3 7 9 9 7 11 5 2 12 14 8 0 13 8 0 6 3 6 6 5 
37 57 49 61 70 85 47 62 59 55 62 100 51 61 80 65 58 54 46 56 59 60 80 74 64 68 45 70 50 92 63 76 75 67 46 52 60 45 70 74 75 67 86 68 57 58 61 92 63 52 49 68 47 50 71 63 64 68 67 80 72 64 41 56 61 49 81 65 59 47 52 73 73 84 66 62 62 64 90 66 46 62 55 53 84 48 56 56 66 69 76 69 54 61 100 50 62 70 53 39 
27 29 79 59 58 66 77 56 56 93 70 64 67 66 68 50 45 71 61 55 52 60 48 61 53 80 82 56 74 48 79 68 73 92 67 71 62 72 61 62 65 60 82 72 44 75 60 67 86 66 75 65 56 50 59 68 79 66 57 36 55 71 53 79 83 57 62 61 37 85 73 86 71 67 62 74 64 72 55 62 49 33 49 67 83 59 63 56 48 66 33 71 61 72 69 51 74 71 68 47 
38 35 88 80 66 60 58 71 68 86 81 79 66 51 66 59 46 75 56 63 72 67 76 78 48 73 69 36 66 69 79 83 85 51 72 70 55 60 53 59 62 74 60 76 50 53 59 71 81 70 65 56 49 42 69 66 84 62 42 46 61 75 47 60 54 47 58 66 72 59 60 66 54 82 67 55 65 67 100 76 75 77 69 54 59 53 68 74 66 69 59 77 43 66 39 58 45 65 55 58 
5 14 11 12 2 1 8 3 1 12 2 2 2 12 7 7 13 6 2 13 9 1 9 5 3 13 7 12 12 11 7 9 0 4 14 4 6 0 3 13 10 5 11 8 0 9 12 6 5 14 6 3 0 12 10 1 4 14 7 9 6 1 12 9 2 10 14 11 1 11 8 0 7 5 14 4 9 11 8 8 2 1 0 12 1 11 6 0 12 3 7 12 5 6 7 14 10 7 3 9 
1 0 7 1 8 4 2 0 2 4 7 6 6 13 6 6 6 1 6 3 14 6 10 3 4 0 2 2 7 0 7 14 0 8 7 12 9 3 12 14 6 4 2 0 12 0 10 6 0 14 6 0 4 13 7 9 3 11 0 14 3 14 0 10 10 14 2 7 8 2 14 0 5 13 12 8 14 5 13 0 13 12 8 0 7 0 14 1 1 9 2 2 9 11 13 9 14 5 14 5 
7 4 11 14 9 7 8 2 13 14 7 10 1 8 6 7 3 1 10 12 12 1 8 14 6 11 9 1 8 0 2 5 1 11 7 4 4 8 9 13 10 5 6 11 9 0 13 0 1 11 10 8 13 1 5 6 7 13 12 10 7 1 10 3 5 4 12 8 14 0 2 8 11 14 7 1 1 5 6 7 10 5 0 8 7 0 11 11 11 3 4 9 0 6 12 14 14 2 9 8 
11 6 5 8 2 6 0 9 4 14 0 14 1 9 9 11 6 4 7 8 9 12 14 10 9 8 12 8 14 7 7 6 11 2 3 10 14 0 14 12 1 5 11 10 11 8 2 8 1 7 13 2 10 4 14 4 2 4 8 1 9 12 8 5 7 4 1 3 13 4 12 10 4 3 3 9 10 2 9 7 6 8 7 4 6 14 4 12 2 14 11 8 4 14 9 6 7 4 7 10 
