2000
942
1084
303
964
1793
684
417
1029
1240
1517
198
223
604
1477
617
1243
267
1178
964
281
607
166
377
1032
1124
682
667
1806
1050
913
1885
1007
911
286
1227
207
1786
1045
1941
691
325
1514
1556
1592
747
661
589
318
76
253
876
1965
1527
1766
275
63
1909
1331
1210
877
911
1674
16
1085
1008
1050
509
1296
1095
1211
1240
1836
661
570
22
775
907
324
1584
866
1261
182
830
1545
1558
8
1170
1181
1820
546
197
682
1689
647
711
802
582
1097
1199
474
671
1833
1512
1175
691
985
1367
1987
1979
771
1626
106
1144
1170
1993
792
23
1646
207
1302
1753
287
1746
820
67
1329
377
1263
857
1522
95
1932
713
1082
695
1208
1092
120
225
769
957
1943
1477
619
1421
1237
1368
639
1254
1428
1594
1935
477
745
1976
809
1534
471
81
1170
985
195
1186
993
819
1497
751
1914
64
1131
721
1207
1558
1712
856
288
1077
601
126
789
645
975
129
1750
1402
1787
1203
1641
242
1127
327
476
1400
842
1128
451
1281
664
359
1137
1055
1672
756
513
660
1013
648
926
667
1311
1276
1226
501
764
1225
202
1578
741
1351
949
1418
1916
181
926
1290
612
1647
110
911
1339
1941
1859
1044
278
765
1081
1547
1790
1293
1282
1584
546
764
1443
1708
840
1294
1654
88
1720
1821
796
1096
1630
1818
1895
1527
505
123
1024
1293
1940
735
680
947
574
753
1662
1962
608
1816
1833
1676
1994
35
696
958
1993
1900
294
447
1763
903
490
1799
366
1040
1849
451
1648
1247
986
9
1399
1930
1188
1995
107
1192
739
1580
177
60
80
1762
514
444
1604
1619
1617
1914
296
955
1087
1347
563
113
1519
1449
1171
1591
615
1509
1067
786
1211
432
639
1855
1594
1510
1539
125
1056
465
1876
185
1720
1066
1137
1319
319
1312
496
73
1877
693
626
909
1156
1442
410
1431
1787
1709
152
729
850
899
174
593
1522
65
1792
52
1169
555
1923
1354
1316
1119
1248
1570
1579
1775
1423
181
1971
1545
274
1666
1098
311
7
333
1733
1704
1409
82
208
203
1235
288
863
1132
1566
1368
300
569
701
1314
194
826
709
1530
889
1609
1803
1899
199
249
1940
1115
1479
1256
1026
1148
245
551
1876
1527
1167
983
610
499
1709
1393
653
497
920
284
1468
1321
1931
887
1396
963
1603
1709
1362
870
1142
1839
44
765
1079
158
27
445
939
1585
1924
1836
455
1162
1460
1827
571
339
1505
673
1999
1503
1949
1925
929
1384
371
1148
1676
1770
1382
829
1099
750
1591
625
572
1133
1214
1421
1840
1646
1330
956
945
1784
3
659
221
336
1048
1065
1556
1874
1658
2000
1824
615
1185
1272
124
781
149
1262
1934
1446
1493
1609
1194
80
1808
917
1535
1795
1185
78
1876
560
213
1032
1081
244
693
1521
44
603
287
745
1263
341
613
1321
1270
1735
1637
1013
1516
1869
1109
869
728
943
251
1833
1608
95
1833
270
32
392
502
1190
57
141
839
1052
1831
1442
1474
33
1885
61
557
480
1792
1765
1700
1187
380
1444
1785
1916
940
1295
1531
454
1222
1326
1137
1006
1739
1962
1245
1984
1092
1258
771
579
1950
810
1693
1379
335
717
129
660
1312
609
1713
1333
1901
1448
1493
671
173
1190
1388
923
1342
263
1572
1822
1860
140
21
418
226
308
1776
995
814
394
1544
1732
374
1596
1746
379
1199
1363
339
1353
694
1776
623
355
1689
722
1795
99
1010
1052
288
257
85
1751
1370
460
1351
1525
1180
4
953
1893
572
966
197
751
1307
1394
834
890
648
619
1858
1924
1246
1516
879
942
638
1943
117
1498
1864
1869
327
958
1664
307
1273
91
450
274
1827
701
989
1892
193
161
1533
1796
1597
42
684
344
182
1012
1000
1304
1023
1014
69
1124
1358
351
518
1306
1686
1757
1839
170
1433
1714
1647
147
632
127
510
603
1914
1562
1327
27
802
1923
425
1136
1739
1429
524
726
208
302
947
767
823
253
1690
485
483
1689
378
1027
1741
428
358
735
973
405
1487
1652
297
1919
611
16
350
89
284
1691
1214
1926
557
1508
935
1371
367
329
1754
54
128
782
7
456
1995
1164
605
1066
1498
1940
1278
828
735
1579
691
838
1133
1092
1919
1384
1725
190
486
1709
1970
35
1480
446
1367
420
1240
1694
1751
1633
1703
1602
12
1086
1958
612
793
519
51
1505
1341
1846
397
1885
1465
1972
380
1366
470
1873
928
925
459
1831
1082
906
1406
292
455
87
1875
1928
589
1886
1030
1590
723
796
1411
1456
1095
981
975
1795
1229
702
1982
1276
378
131
1310
457
144
1552
1179
720
15
666
1249
1586
170
1850
1280
1122
151
249
1113
1639
1849
325
1789
1818
69
799
1718
1455
1359
476
1607
771
268
1650
1453
679
1375
112
231
509
402
1003
609
991
431
1232
247
555
541
21
1811
312
1667
1411
800
1282
1415
702
1527
1540
158
1849
57
1385
691
631
271
564
1958
1340
1642
12
33
660
34
654
1042
202
1894
1690
567
58
892
1971
282
53
923
1662
515
603
1315
1259
1886
271
1271
104
1200
1064
240
762
71
1429
299
1814
1812
706
817
1216
1821
1296
1999
1103
1246
520
232
681
1666
936
175
987
774
135
1086
1852
806
395
94
1300
1342
1399
464
1363
526
462
1734
800
1994
69
1705
1449
537
940
1768
1004
455
383
350
1884
1355
636
344
623
689
1107
1172
696
652
1555
580
1411
383
734
1371
1739
1826
1593
1408
1306
531
1905
1599
1956
1321
1638
1693
1123
1216
1833
771
1906
737
1882
799
1664
1403
671
1450
1740
1256
1753
1016
901
1063
1041
191
807
922
1431
646
1693
248
1488
592
1771
1218
1268
910
1391
1030
350
1564
1550
1200
890
153
741
1407
1466
367
332
1398
528
378
1088
738
711
601
1090
1534
1892
850
701
1189
424
612
739
1806
1161
103
870
1145
755
380
1802
1206
1517
1676
1182
593
372
912
985
1467
43
470
222
1302
1352
387
1004
1889
1541
1241
1454
1984
1938
423
982
1842
1457
615
1693
1571
1791
941
1605
492
177
814
205
1613
1052
1125
1951
923
414
1534
1513
1119
1182
1188
1277
834
219
1166
944
466
1220
691
336
1291
531
677
330
516
65
951
438
861
1446
452
1427
398
1828
1537
583
1370
1853
252
713
1553
250
1869
200
1448
845
587
359
904
1650
927
664
801
1204
1328
1360
1049
1553
444
932
268
1653
1120
650
1400
183
1236
520
659
1454
1232
1839
918
319
502
508
620
1582
392
1259
463
92
1762
1302
1669
580
447
726
1840
1436
800
894
1252
1620
1567
1858
1654
1548
1922
301
60
229
230
1969
26
1934
299
1531
1208
540
1958
494
1434
1635
18
498
1504
989
401
1652
170
1019
1168
709
1551
680
711
1586
1423
1639
1702
266
1486
575
1574
906
1917
545
1516
1119
1302
531
975
1647
1259
1170
93
1636
940
1891
1906
708
867
1158
35
322
803
1014
1292
244
1423
1532
157
1771
653
410
200
433
1655
174
230
1702
1850
1407
1269
1873
60
1452
690
1693
469
271
509
1714
53
804
700
416
1831
678
1158
1901
1837
823
1749
268
1696
1907
344
425
1250
515
1010
1177
955
903
1387
1155
658
1883
27
1242
753
1524
1347
173
1146
1377
357
510
691
1730
107
951
1696
1006
686
727
325
1849
1819
1206
578
609
888
310
1099
1272
1291
449
1014
796
1592
436
1288
615
963
524
1618
308
1289
104
676
1223
777
517
359
1436
732
313
1231
1978
168
115
292
760
1242
262
1467
482
357
1481
1263
1173
1500
1075
1902
994
864
265
249
1208
1530
741
1425
239
1767
342
1897
1096
1663
65
61
1778
587
932
1700
352
12
131
711
787
39
752
1094
1536
1507
1201
37
1733
736
1048
1525
1781
960
509
119
1470
279
586
658
684
955
173
166
1492
680
1376
1489
187
851
1851
319
210
317
704
1402
1882
1881
780
1147
802
1846
1559
262
94
602
1661
1077
1954
701
1113
843
1214
1138
274
442
1805
79
1947
327
1276
314
1884
184
10
312
818
37
399
1009
835
1484
227
654
991
195
955
456
882
687
1212
377
1342
1939
1863
386
1589
548
866
400
1969
1723
11
625
1506
1597
830
220
1620
1748
360
290
1174
1013
1082
997
1161
1315
826
263
1406
1050
1807
1519
2
868
417
1706
20
1067
724
1029
311
1931
1108
78
257
576
1129
1944
1337
103
1384
1525
1822
1972
1327
1643
1829
1316
516
204
1342
647
1714
1379
363
1917
1751
597
1149
1509
1398
623
160
140
176
385
513
1363
63
98
708
1035
428
841
372
1927
1657
1241
1078
1233
127
1266
98
1905
1
1441
1283
10
140
1650
1782
210
1240
616
578
1512
50
372
1378
266
1180
479
1276
320
402
884
1606
322
500
599
1728
1523
1442
600
1202
588
813
1568
1247
1010
804
1414
504
765
777
623
1459
1450
1783
874
1422
1786
926
458
1878
1540
1457
1655
1708
1955
1476
1533
1894
733
705
244
1530
1702
1744
600
447
1392
1291
211
1671
1252
85
585
583
617
327
1826
1347
1652
497
540
1586
166
1235
1928
1760
1119
1368
1156
552
233
1092
1827
360
420
44
1622
697
31
535
1567
754
1124
1889
759
1734
1166
1453
1342
974
1330
1896
1479
1139
843
268
1681
1832
1428
1023
843
336
1335
1181
651
503
609
1420
1173
929
355
723
1451
320
1508
759
1862
446
1356
1937
1931
110
1791
1730
315
1219
856
1662
253
1992
1995
1003
625
1526
1843
1293
654
1670
97
1272
1700
1681
930
1060
595
1429
1098
64
1042
474
69
1982
1529
587
8
9
1104
1208
873
338
225
1598
1830
587
552
1502
21
1202
806
55
67
1332
961
77
131
900
178
30
1383
1296
1275
1362
905
732
895
440
1736
1650
1940
1072
1612
1658
1264
371
607
1708
218
409
448
606
483
184
930
622
1986
1950
1987
575
413
11
1524
1539
1251
708
1527
1541
1883
1736
1396
1943
1200
61
1348
89
31
309
1807
1454
280
631
207
1393
579
335
591
818
747
1055
1512
1438
1242
113
378
1895
675
1083
124
1041
188
760
1448
804
1082
865
393
1927
1339
1432
1547
1147
1821
1909
1734
348
708
26
879
369
1868
232
273
383
861
395
1501
1572
1385
1385
92
701
345
954
1178
1262
1631
1056
752
279
1401
1676
1886
57
1446
1705
1804
232
1088
1870
1654
1657
1776
1037
576
1087
1174
868
882
1348
349
1983
1727
547
655
652
1201
720
757
1070
1476
1840
1733
716
596
567
989
766
1588
1863
1510
676
310
1801
130
896
1451
623
1884
760
1802
468
902
219
15
1182
33
714
1093
587
1614
1960
1261
1041
491
670
1341
1291
652
1123
1098
1940
481
102
362
1000
812
80
1472
144
1508
