1000 371
350 12
787 623
575 685
976 273
360 974
98 225
707 655
171 382
575 879
808 416
591 683
813 334
736 149
377 239
237 425
444 778
505 70
807 845
480 644
280 502
612 380
890 243
33 450
292 338
278 841
20 78
582 509
946 392
389 707
45 139
819 554
189 283
307 685
118 109
472 307
856 182
878 733
742 456
844 20
216 791
920 283
478 390
781 155
129 129
26 159
827 23
56 902
944 384
596 542
273 407
303 789
969 267
111 866
713 328
579 45
15 977
692 701
783 145
158 420
388 460
774 932
308 403
254 802
297 367
499 27
292 110
923 759
588 76
991 681
69 840
52 159
352 966
244 155
199 2
715 885
688 706
882 744
182 142
229 559
796 678
709 151
647 868
451 94
630 149
800 857
375 976
668 162
641 933
587 92
18 657
323 955
613 258
17 29
698 970
579 898
183 952
421 649
903 37
783 266
11 909
365 144
536 441
338 440
617 971
102 670
452 176
804 686
37 242
386 819
104 731
532 802
825 709
785 151
355 229
992 307
241 890
791 85
148 257
541 403
748 274
636 241
873 122
421 565
118 278
289 333
502 993
247 182
404 246
467 595
506 984
907 313
341 101
443 691
159 771
716 870
405 383
621 533
836 193
28 425
288 237
966 757
159 617
15 430
621 365
490 799
885 304
897 683
781 711
432 830
685 42
284 746
648 561
437 831
734 907
33 865
376 655
924 627
505 134
466 201
595 516
837 567
122 130
122 447
127 688
230 153
527 244
196 819
339 117
644 599
150 468
947 877
715 25
45 444
31 493
728 723
937 323
161 209
644 389
967 829
936 888
117 576
244 472
532 122
387 519
399 227
656 280
678 728
368 298
490 10
186 406
272 719
501 203
337 807
992 635
902 245
224 627
941 652
840 679
771 830
116 408
362 225
345 367
388 313
344 266
630 540
788 91
436 684
700 61
81 551
955 387
724 358
521 448
334 19
839 368
940 500
28 183
952 196
3 824
213 623
98 234
540 41
855 810
84 495
420 218
600 390
884 550
339 877
272 859
26 319
986 471
960 546
899 329
560 319
102 858
329 454
119 744
249 584
855 582
349 272
756 842
862 724
21 760
775 754
887 519
562 393
935 596
729 170
131 716
486 590
507 890
239 255
828 187
406 192
110 80
11 701
144 362
988 272
13 899
10 1
970 215
755 128
536 983
518 333
410 560
173 270
302 182
862 972
799 79
519 435
101 919
955 99
286 508
571 660
721 943
489 164
291 163
593 939
498 658
811 96
124 182
921 372
779 250
708 863
213 723
964 392
954 182
41 284
671 361
229 829
639 752
457 17
332 125
273 556
931 265
340 877
713 844
527 928
47 384
170 647
74 706
360 568
644 988
728 524
122 315
100 289
404 305
766 399
71 471
228 859
730 935
845 696
195 312
184 389
996 821
589 636
634 42
862 706
815 384
733 93
540 21
343 872
817 577
250 96
809 878
981 151
120 124
585 432
708 36
131 770
280 549
697 210
313 368
575 364
155 484
272 780
527 404
546 142
233 661
409 796
44 961
808 255
286 547
359 415
952 67
602 608
604 524
785 16
488 927
70 278
2 2
594 615
325 248
177 648
12 26
496 335
815 499
706 450
999 832
421 666
992 164
304 143
276 372
372 133
955 31
271 196
522 553
745 337
164 477
395 949
870 863
51 776
65 658
406 153
208 205
702 950
829 665
757 180
603 786
438 737
744 743
535 36
629 730
141 474
628 323
174 21
844 891
568 489
168 270
716 426
803 612
751 712
148 266
219 588
299 478
198 907
675 553
129 459
144 327
727 228
299 443
371 103
77 754
146 222
304 267
655 507
975 632
852 176
479 540
18 830
667 137
650 245
974 980
670 455
436 421
820 810
708 859
656 284
158 251
892 940
367 370
414 765
126 524
700 983
479 723
35 394
351 718
877 379
979 600
263 140
706 831
704 761
477 998
742 318
447 870
386 855
140 286
220 598
610 517
462 558
989 610
431 285
944 986
954 124
604 462
215 337
242 792
72 688
607 689
268 728
600 697
145 692
647 776
330 338
491 47
619 601
997 62
890 606
575 128
653 550
291 250
913 327
367 358
623 365
921 441
627 131
167 693
289 731
876 979
988 609
817 653
222 723
35 443
201 971
163 572
214 118
305 229
323 582
544 348
487 304
531 355
781 863
779 820
106 759
284 947
675 251
403 803
84 720
950 463
301 529
965 945
988 409
695 638
124 351
724 99
449 37
883 205
945 741
540 715
38 538
167 29
536 174
726 639
845 576
280 634
721 866
591 569
647 235
475 960
41 425
547 482
680 626
374 836
718 338
331 474
816 50
165 14
60 305
600 660
607 402
437 291
5 974
905 333
602 163
41 3
852 292
337 788
654 572
294 829
818 468
845 567
753 507
747 250
142 846
30 89
291 368
289 386
88 911
732 138
961 812
490 508
674 252
35 281
465 253
725 496
361 31
133 994
891 511
222 904
162 723
760 485
466 830
152 187
571 309
236 876
481 3
435 193
49 628
886 351
57 20
56 650
3 322
854 361
142 813
210 155
222 351
610 190
755 588
102 309
256 107
18 464
421 667
708 396
821 57
988 126
550 985
339 672
683 36
710 858
990 671
449 786
781 885
469 709
72 197
516 998
870 177
519 826
889 454
609 532
624 865
550 874
494 749
223 4
645 227
213 702
722 332
448 575
765 329
391 244
395 372
314 445
709 609
434 891
759 651
990 715
166 192
662 737
221 95
682 158
255 974
311 928
213 369
398 249
128 455
772 255
473 714
88 283
500 49
822 878
656 941
580 555
256 318
501 586
795 297
398 53
555 534
737 808
198 730
42 414
220 709
428 307
891 732
679 855
566 650
230 508
664 110
464 182
888 725
115 727
134 578
892 636
522 25
947 27
949 615
524 243
726 981
222 212
165 345
880 414
626 352
844 620
696 550
13 717
109 261
816 742
275 74
421 761
738 335
608 785
83 298
918 188
908 829
511 415
230 159
335 818
22 620
347 406
374 811
886 302
751 189
58 399
327 47
29 698
992 673
136 615
441 449
45 159
558 476
811 860
413 896
11 279
785 121
314 495
702 851
573 851
887 715
597 584
949 681
926 743
258 212
624 985
407 157
45 452
92 906
706 549
677 635
485 874
106 679
720 299
494 932
487 379
640 632
380 207
112 118
372 111
528 497
104 602
319 207
870 996
914 911
384 376
332 51
415 547
947 374
291 375
925 792
32 441
583 296
296 466
542 379
459 408
257 289
809 948
848 734
798 30
137 799
9 616
462 538
471 188
686 758
200 253
860 951
793 891
352 858
183 403
850 120
43 434
448 349
130 530
403 809
263 54
626 7
170 744
810 442
316 193
515 874
951 750
782 390
605 361
468 338
403 357
743 588
709 712
441 244
722 339
901 3
516 443
481 744
600 908
201 105
633 121
400 892
148 104
545 369
907 626
391 778
804 490
220 860
621 218
651 95
666 49
490 2
373 896
723 273
124 573
577 430
88 228
256 730
490 447
385 142
628 980
920 728
42 914
888 188
25 107
768 464
480 665
951 154
167 899
810 373
660 965
987 312
477 295
623 963
387 580
585 305
561 218
585 793
601 602
681 420
165 999
6 284
164 161
794 353
341 468
734 671
431 776
46 720
133 523
718 7
726 366
773 1
911 503
20 723
329 516
867 360
324 768
674 200
528 846
560 134
457 398
800 47
630 477
72 22
311 682
340 477
817 325
48 937
467 763
46 550
910 366
783 73
818 935
72 252
642 601
122 211
807 81
205 507
235 219
820 583
151 375
856 680
903 240
167 262
773 101
479 274
842 153
743 459
350 855
448 355
614 791
911 194
181 982
852 431
164 373
839 306
187 440
589 765
5 750
86 72
661 179
551 593
780 814
45 46
881 88
522 29
766 169
654 368
655 863
936 141
569 761
813 525
262 94
987 708
388 978
497 185
791 941
262 361
22 347
919 65
186 330
273 327
431 12
201 606
30 748
582 466
867 468
885 866
262 463
437 949
135 467
920 173
732 193
347 448
733 848
703 605
360 386
854 994
712 222
732 83
183 38
631 330
332 674
168 430
961 25
558 62
351 716
412 462
144 429
284 862
85 485
360 171
33 941
828 826
474 836
268 501
59 539
739 513
551 200
210 314
828 170
194 901
68 296
460 597
132 958
387 671
459 222
585 801
257 490
610 864
668 618
174 459
623 47
126 759
851 235
554 226
43 832
765 755
863 333
365 806
935 508
414 777
148 816
5 712
193 135
511 37
869 857
364 549
998 590
396 455
203 917
382 671
139 193
832 547
199 746
421 18
560 970
615 41
713 634
392 666
942 846
726 532
683 559
552 67
623 248
474 996
971 926
891 242
410 975
171 486
533 565
96 71
571 946
141 438
802 519
822 195
234 333
999 35
668 609
201 987
176 745
346 16
668 217
481 398
941 391
522 542
309 74
983 305
608 524
115 172
536 735
462 494
57 415
422 426
858 631
370 261
662 813
97 205
28 890
910 339
500 962
