70 20 10 177
1 2 4
1 3 5
4 1 5
1 5 9
1 6 1
1 7 7
1 8 4
1 9 3
10 1 9
11 1 3
12 1 8
13 1 3
14 1 7
1 15 7
16 1 1
17 1 8
18 1 2
19 1 8
1 20 7
3 2 4
4 2 3
5 2 2
2 6 9
2 7 1
8 2 9
9 2 1
2 10 2
11 2 7
2 12 6
2 13 8
2 14 6
15 2 6
16 2 10
2 17 3
18 2 10
2 19 3
2 20 5
4 3 9
5 3 4
3 6 1
3 7 8
3 8 9
9 3 9
10 3 3
11 3 2
3 12 6
13 3 7
14 3 7
3 15 6
3 16 10
3 17 10
3 18 2
3 19 2
3 20 2
4 5 5
4 6 6
7 4 3
4 9 7
4 10 1
4 11 10
12 4 3
14 4 3
16 4 1
4 17 8
18 4 4
4 20 4
5 7 9
8 5 5
9 5 5
5 10 3
11 5 1
12 5 7
5 13 3
5 14 2
15 5 7
5 16 4
5 17 10
18 5 10
20 5 3
7 6 8
8 6 10
6 9 3
6 10 6
11 6 6
12 6 7
13 6 10
14 6 6
6 15 5
6 16 4
17 6 8
18 6 7
6 19 10
20 6 4
8 7 1
9 7 3
10 7 5
11 7 5
12 7 3
13 7 9
14 7 2
7 15 5
7 16 5
17 7 9
18 7 8
7 19 2
7 20 7
8 9 5
8 10 7
8 11 7
12 8 2
8 13 7
8 14 1
8 16 1
17 8 10
18 8 2
19 8 10
20 8 4
10 9 1
11 9 4
12 9 10
13 9 3
9 14 8
9 16 5
17 9 2
18 9 1
9 19 8
9 20 2
10 12 5
13 10 4
14 10 5
10 15 6
10 17 3
18 10 1
19 10 7
20 10 4
12 11 8
13 11 2
11 14 7
15 11 9
11 16 1
17 11 4
18 11 3
11 19 9
20 11 7
13 12 2
14 12 6
12 15 6
16 12 1
17 12 6
12 18 5
19 12 3
12 20 4
13 14 7
16 13 8
17 13 2
13 18 4
13 19 2
13 20 7
15 14 6
14 16 6
14 17 3
14 18 1
20 14 7
16 15 7
17 15 8
18 15 10
15 20 7
17 16 6
18 16 10
19 16 1
16 20 7
17 18 6
17 19 3
17 20 2
18 19 1
18 20 10
20 19 9
46
4 35 35
5 41 43
17 16 34
17 36 40
11 41 56
7 36 40
10 57 69
2 57 70
5 70 70
8 1 43
5 16 20
19 70 70
9 57 69
17 57 69
14 70 70
11 70 70
7 21 34
9 21 43
4 57 70
6 44 56
12 35 35
6 21 34
3 70 70
16 16 40
13 36 43
18 1 34
19 36 43
15 16 34
3 16 40
13 57 70
19 1 34
13 21 34
10 35 43
18 44 69
7 44 56
8 57 69
18 36 40
14 16 35
12 44 56
10 16 20
12 16 20
7 1 15
4 1 15
16 57 69
13 1 15
15 57 70
